74 40 23 49 55 67 75 68 73 3 42 61 17 13 63 76 90 78 44 4 11 1 20 41 80 33 50 66 11 30 43 96 51 35 73 30 59 16 92 14 86 77 56 90 91 61 77 33 96 81 17 23 67 1 7 7 80 65 51 71 34 21 8 72 70 79 48 87 21 88 75 34 11 75 15 76 40 84 8 71 78 6 63 79 37 89 15 68 55 70 6 73 50 33 41 45 85 19 72 36 
98 92 76 75 29 48 83 83 44 87 79 58 29 99 84 72 0 14 52 24 37 25 98 71 69 32 80 68 21 59 35 59 76 8 53 39 35 49 92 60 80 88 83 4 0 78 95 97 18 73 18 3 16 60 30 87 27 5 75 51 53 73 63 73 80 2 1 13 68 68 90 92 46 100 59 96 67 52 72 78 24 39 99 17 67 63 31 62 28 59 4 24 92 57 2 85 34 21 58 67 
84 2 42 59 6 32 45 86 26 9 100 70 33 97 73 22 98 50 53 98 5 35 51 66 95 6 88 84 75 35 95 80 89 22 33 72 1 55 47 67 90 35 2 44 80 48 84 30 17 59 50 100 99 9 68 9 0 76 38 84 26 20 92 76 65 54 61 70 22 94 100 95 52 23 18 25 73 22 66 30 51 31 51 8 89 84 2 33 91 88 85 32 80 31 12 50 44 16 69 27 
60 53 46 76 88 58 62 19 62 97 28 0 1 1 44 24 55 31 10 3 26 64 59 90 81 24 6 69 13 98 80 8 0 86 76 48 18 83 73 84 78 32 30 51 89 34 56 26 9 67 16 4 36 13 63 85 57 58 45 42 77 53 30 64 47 59 36 6 12 73 32 69 60 28 5 26 12 33 13 65 45 8 14 46 54 95 43 92 71 11 77 90 27 0 18 7 84 83 14 37 
24 58 48 53 90 83 99 18 22 77 78 63 0 58 4 48 39 83 86 10 98 88 65 51 69 14 35 78 23 40 16 80 89 44 97 67 7 69 88 67 56 27 18 53 14 18 7 33 91 34 33 1 79 31 72 89 26 14 9 73 60 51 27 63 37 46 81 28 19 44 39 72 29 7 23 11 96 22 83 57 46 27 81 86 54 34 0 67 66 62 50 25 9 87 20 42 88 70 92 79 
59 96 19 25 45 29 59 60 48 83 16 56 29 39 45 82 15 42 40 91 54 50 72 50 22 78 4 13 50 22 70 54 70 77 20 99 51 84 66 46 2 70 14 19 3 35 37 79 99 10 78 62 71 91 7 17 7 2 91 0 7 13 69 62 42 58 29 53 63 64 97 11 6 6 0 16 77 90 22 97 14 54 12 70 86 95 95 55 48 47 65 29 52 59 100 74 17 79 19 53 
61 53 82 31 38 37 42 36 61 82 38 88 16 18 49 19 12 80 91 50 76 51 74 80 87 95 65 39 74 26 99 72 82 42 42 78 76 22 36 12 26 70 86 68 78 64 51 25 43 65 100 60 53 24 92 92 65 33 35 83 70 48 50 82 31 84 45 68 75 71 70 8 69 47 66 5 60 92 39 58 67 0 66 84 95 34 97 41 23 100 5 80 86 9 61 2 100 63 43 82 
76 29 67 67 65 0 25 63 42 58 18 8 8 29 77 79 87 22 13 84 85 61 2 98 64 70 16 79 19 19 19 14 99 1 85 79 87 10 31 1 16 60 25 35 96 60 1 1 55 89 73 14 32 93 24 11 15 9 66 67 78 88 69 24 32 74 98 75 98 4 60 95 2 44 29 77 99 97 5 70 41 34 53 88 72 69 85 69 66 20 33 14 25 30 16 44 8 20 61 24 
18 91 11 38 37 33 1 53 62 38 50 64 34 53 30 86 10 15 58 8 99 97 9 100 96 90 91 77 11 46 32 34 42 2 68 56 47 55 73 40 86 24 90 60 82 46 3 11 69 7 27 51 45 8 44 81 7 91 57 33 57 78 2 71 73 77 76 15 36 31 31 27 40 51 98 20 97 34 88 48 96 34 8 85 41 32 80 87 73 13 57 27 76 0 95 53 11 95 67 78 
26 19 83 93 19 62 76 7 23 64 54 73 22 61 89 58 46 86 74 7 4 54 57 80 20 8 53 70 79 97 12 91 92 29 21 62 98 60 68 39 99 45 80 41 19 79 80 18 92 91 7 22 13 15 54 1 84 28 100 20 1 73 57 9 67 6 21 9 95 62 47 8 10 46 39 32 22 30 28 84 98 99 84 1 72 1 5 61 85 21 48 63 26 18 95 20 63 7 47 11 
7 43 7 29 17 26 52 33 20 37 82 9 66 2 3 93 72 25 42 74 36 69 30 4 68 26 43 43 10 87 53 5 89 64 46 39 36 81 68 18 99 23 58 76 28 75 22 11 42 13 12 93 26 96 65 55 57 77 98 93 94 15 61 67 2 36 3 84 56 41 19 70 2 12 98 94 91 18 5 39 86 29 37 96 29 15 67 99 38 95 28 38 5 89 41 15 6 87 1 100 
44 89 25 61 46 44 41 41 68 95 37 79 50 24 68 53 43 96 51 76 93 11 98 46 37 53 96 67 17 5 26 64 62 18 24 52 48 51 76 31 49 85 9 63 37 4 35 21 8 97 78 96 3 3 30 28 93 55 42 29 47 45 90 75 48 81 42 38 68 61 56 53 54 91 58 2 18 6 30 86 92 84 25 27 66 44 32 39 28 0 9 28 63 11 5 22 64 100 41 69 
86 57 99 95 33 95 88 22 52 43 54 99 28 92 44 23 89 43 10 46 83 77 21 99 67 68 72 64 8 22 52 96 61 57 7 3 21 13 15 86 77 43 93 67 1 4 84 97 85 29 96 31 79 87 14 42 96 98 33 58 97 69 14 77 96 40 78 52 27 82 14 79 97 54 61 12 63 38 74 55 0 87 67 52 39 77 58 0 87 11 16 50 24 97 27 93 48 77 9 21 
83 80 63 76 90 10 17 12 9 50 67 18 13 85 38 34 19 12 97 100 73 16 72 93 32 95 98 10 56 68 93 36 23 87 49 96 79 17 48 69 59 35 78 56 67 35 12 13 89 1 15 71 4 83 70 77 92 74 79 18 40 84 60 43 13 99 96 50 1 69 99 11 18 52 59 49 59 25 39 71 60 87 76 82 74 90 39 59 59 26 99 2 91 25 96 0 8 77 40 30 
68 50 31 84 85 2 61 78 11 15 32 67 36 99 93 52 31 69 26 34 36 85 56 73 45 91 54 32 41 100 10 4 67 23 94 85 23 36 50 7 67 74 86 67 15 74 86 63 28 6 69 36 34 99 23 54 86 97 83 67 49 18 25 7 70 61 78 13 6 25 45 59 63 97 41 31 88 4 97 11 58 9 82 90 36 62 46 68 81 45 16 76 41 88 66 65 13 65 81 88 
85 76 2 42 69 94 38 79 84 10 4 44 82 47 35 34 29 36 81 1 75 49 84 59 70 56 81 91 59 64 57 10 61 45 72 7 44 1 67 45 2 10 60 71 65 61 39 1 100 37 55 43 53 21 62 52 58 2 56 92 99 62 53 29 64 33 62 84 14 71 9 94 18 5 61 13 24 63 40 62 13 78 35 53 11 18 59 49 75 55 30 43 39 80 32 6 76 23 61 67 
34 87 45 89 37 53 51 76 8 65 50 20 20 4 55 13 7 87 36 40 38 38 79 86 31 32 89 82 49 59 58 84 66 71 56 48 41 23 15 59 40 50 100 27 90 100 58 70 76 89 58 89 7 54 79 76 85 8 27 73 3 66 48 57 39 82 8 89 11 14 52 100 79 46 21 5 6 23 40 46 17 99 15 58 60 40 25 74 78 11 50 93 96 74 5 88 61 83 74 3 
91 37 73 71 48 11 21 16 39 4 53 22 4 50 40 84 98 95 2 81 38 40 53 20 56 70 15 91 71 0 0 50 96 97 42 66 54 99 68 41 92 21 92 57 46 34 5 53 29 12 21 91 30 49 87 61 52 4 33 79 81 63 65 87 68 85 9 14 37 94 5 64 19 7 98 75 43 71 98 42 80 58 61 27 15 60 1 45 83 17 6 92 27 45 94 11 83 4 28 85 
72 11 22 56 49 12 55 69 63 88 20 4 35 19 99 97 86 62 52 2 17 23 68 55 88 29 71 96 63 32 73 69 86 21 9 88 62 18 54 93 70 62 48 60 64 93 94 75 45 87 82 62 42 69 47 10 84 77 55 0 20 19 52 87 69 49 22 89 31 49 17 68 22 73 10 98 65 86 35 1 76 50 81 95 22 3 32 38 27 21 75 49 61 49 17 16 3 89 11 75 
72 73 92 74 87 84 55 7 10 60 86 94 47 81 70 26 3 16 24 34 78 100 6 55 57 54 57 32 16 67 23 84 43 61 60 87 1 72 97 72 60 94 78 30 25 42 24 36 51 30 60 96 39 96 4 72 49 18 46 51 72 13 100 26 83 88 98 41 18 17 10 13 60 17 85 64 92 92 96 52 59 95 93 67 16 4 55 85 6 36 79 24 97 32 77 6 10 48 36 56 
95 83 17 83 46 80 53 71 38 70 93 41 65 41 64 26 67 30 46 5 17 44 13 98 42 100 24 39 87 62 26 53 89 39 34 17 28 47 60 27 76 97 22 41 20 57 36 12 54 61 37 48 60 49 44 16 36 65 2 46 6 46 93 22 23 95 33 37 41 34 37 30 30 50 12 26 13 48 77 37 28 24 14 42 81 0 84 5 33 69 49 38 2 97 83 93 16 84 60 86 
48 42 40 63 24 12 78 92 97 21 88 56 74 59 75 53 82 28 96 84 69 32 28 23 49 15 54 86 77 98 25 15 94 27 10 81 25 18 25 100 59 49 97 4 86 86 66 67 60 80 15 18 46 84 0 56 58 27 50 43 46 87 83 44 63 67 80 46 93 19 71 76 81 62 47 17 37 89 85 68 45 24 32 58 60 5 3 28 6 99 58 27 41 95 84 3 50 92 26 9 
73 20 66 44 22 2 46 67 7 41 69 52 99 87 90 21 7 85 43 49 9 5 69 5 61 53 92 85 59 41 35 17 4 42 25 84 36 67 77 57 65 58 12 62 36 58 59 81 88 74 71 4 26 9 42 53 81 1 43 25 85 36 87 59 87 34 75 4 94 11 63 94 92 34 66 41 38 96 33 84 61 28 17 52 46 98 79 60 71 15 3 7 73 24 10 38 9 69 89 22 
52 43 18 9 24 17 98 32 25 84 5 67 9 81 64 49 55 90 7 57 63 41 81 75 12 31 68 70 91 8 100 33 96 34 17 79 50 99 67 86 47 10 14 43 8 14 78 9 55 11 27 18 19 34 80 83 55 78 77 33 41 66 100 23 50 25 9 85 36 79 44 27 19 22 83 12 88 92 52 9 87 17 58 74 3 36 69 15 58 58 83 93 34 65 38 76 62 53 60 0 
25 64 41 98 23 33 88 48 98 40 16 85 70 96 7 55 83 95 97 17 46 87 7 78 24 34 76 46 4 13 55 97 28 8 93 75 33 1 44 9 63 88 10 18 35 100 26 26 54 41 36 79 51 61 83 25 74 90 43 75 0 31 18 76 55 22 16 1 64 52 48 22 97 58 43 39 54 18 70 45 26 91 79 79 53 74 19 9 11 33 64 81 6 33 18 34 78 19 49 79 
55 1 88 25 74 23 31 77 34 98 78 38 34 63 53 59 55 56 11 86 75 57 30 97 34 51 82 40 85 16 45 11 21 32 37 3 58 75 0 35 95 49 61 93 60 57 27 83 31 84 60 30 15 13 34 66 1 100 6 73 56 54 17 76 81 82 100 1 29 39 12 22 95 0 92 1 39 24 2 53 68 20 1 34 87 3 14 9 97 22 62 93 11 17 44 88 38 29 58 90 
98 43 19 6 66 0 3 36 43 57 37 53 73 18 79 9 5 74 88 71 30 56 89 97 48 63 56 71 12 15 30 48 65 26 2 32 49 97 88 79 55 25 85 17 76 19 40 0 91 33 91 91 73 73 65 4 18 7 45 61 65 24 78 55 98 84 93 49 51 60 14 89 31 40 72 100 66 67 34 43 81 43 29 47 28 35 42 97 28 34 15 99 99 3 31 64 73 25 72 84 
61 73 64 91 90 83 8 34 52 14 10 51 34 97 8 2 8 40 40 28 59 2 36 40 28 65 89 23 5 21 43 88 75 47 55 63 73 6 59 35 63 2 30 25 3 70 76 89 92 89 43 72 83 67 56 36 58 86 75 87 28 22 59 41 77 10 62 89 91 26 11 71 2 32 75 23 65 73 76 33 67 33 70 41 82 36 68 93 77 7 61 45 26 37 42 34 46 2 31 77 
76 33 69 23 34 93 70 8 82 39 3 18 47 67 91 92 3 94 38 6 74 7 15 64 19 97 43 63 9 16 28 54 56 61 68 67 90 64 72 79 20 93 58 83 91 100 72 64 97 63 63 58 19 43 55 1 32 62 16 46 33 32 24 76 81 98 34 9 10 5 34 35 64 56 50 40 40 75 81 32 92 37 19 69 62 29 26 62 87 68 33 42 2 12 5 42 56 37 28 35 
23 28 52 36 46 6 49 29 29 51 81 38 48 81 23 80 5 75 60 26 66 45 46 21 43 99 77 97 79 70 92 45 100 68 60 79 36 6 33 21 2 47 13 88 41 39 55 89 87 17 35 13 14 78 56 99 56 33 67 19 55 60 100 90 51 4 21 83 88 93 54 90 84 19 97 36 77 77 95 44 59 79 82 82 55 10 96 52 51 4 86 48 78 99 60 16 85 11 61 25 
72 67 14 53 93 88 83 58 45 67 11 17 55 30 48 33 75 32 35 38 74 54 26 56 9 2 20 90 82 95 13 22 14 39 59 52 72 54 16 75 53 89 3 79 34 4 60 76 26 13 38 39 90 82 84 96 72 70 49 23 99 82 68 30 25 11 86 88 69 57 69 89 4 20 24 15 39 83 96 74 69 1 28 44 44 22 72 36 93 92 66 50 63 4 91 65 99 28 20 25 
28 93 94 23 24 55 91 67 34 54 78 49 18 29 14 58 9 7 47 70 1 38 0 90 11 69 20 91 93 2 31 43 75 33 45 32 76 47 79 62 67 33 74 16 44 94 79 69 0 54 50 52 0 10 20 61 83 69 30 95 19 90 18 14 59 81 67 47 51 30 65 90 82 69 77 42 0 72 53 70 50 67 67 51 95 4 36 54 90 45 20 28 85 76 55 38 86 87 75 73 
14 74 48 43 8 1 63 58 54 96 15 84 68 73 40 33 52 84 14 57 52 65 23 69 26 49 49 44 20 44 46 38 12 86 54 9 61 69 40 76 48 33 9 69 99 4 91 9 1 41 8 49 86 42 99 22 19 98 76 82 86 29 54 0 81 49 61 99 84 71 79 46 7 29 100 29 67 97 9 72 41 4 46 8 0 10 17 96 64 20 24 67 27 9 13 85 23 34 44 26 
60 97 52 56 35 2 62 74 81 98 31 44 13 48 50 4 51 58 81 76 58 61 70 84 6 33 26 88 100 12 44 7 69 31 81 11 84 10 74 21 6 58 46 25 98 38 99 45 14 36 66 100 2 82 87 30 45 76 96 4 25 26 2 39 67 13 38 14 6 64 17 95 10 81 100 60 61 14 31 80 43 92 78 53 10 60 67 70 35 60 50 96 54 81 82 17 55 73 0 2 
13 9 88 49 21 81 6 87 63 30 43 91 50 19 73 48 10 99 60 51 72 45 69 31 22 17 39 26 13 49 43 35 28 2 74 25 54 28 53 69 53 30 39 79 12 62 99 32 9 80 40 47 65 94 19 86 22 36 82 73 15 85 21 100 8 82 65 63 71 80 73 23 9 32 95 15 76 8 1 9 99 100 34 65 22 57 36 20 36 23 42 39 15 77 77 89 15 41 85 79 
0 70 66 30 52 30 89 21 24 65 8 57 86 57 12 1 24 70 40 15 60 79 53 25 13 91 9 25 58 79 2 18 15 48 8 59 52 16 66 93 49 39 1 58 92 60 77 1 75 31 52 16 77 86 86 40 34 24 98 46 67 18 96 49 68 97 88 43 96 37 80 48 79 56 55 89 90 8 2 60 4 64 88 59 72 9 92 92 29 78 51 82 91 76 70 65 86 52 40 28 
97 46 23 30 4 89 0 88 36 99 46 78 87 59 90 94 94 93 71 22 16 35 22 82 74 56 47 29 75 90 84 58 7 45 9 91 7 23 17 77 27 61 31 62 52 85 48 85 89 24 77 75 43 5 21 34 7 93 85 26 79 70 78 97 70 7 18 37 1 94 96 87 88 3 89 63 15 7 95 81 85 89 95 96 12 55 50 48 31 67 14 43 48 91 12 97 32 66 60 79 
35 94 90 3 68 17 46 42 3 91 4 22 37 16 0 44 91 16 64 1 92 99 17 22 31 0 52 17 2 71 88 30 39 59 22 14 8 97 56 37 99 13 69 79 16 68 23 23 100 46 28 20 11 88 91 18 13 73 72 85 43 24 68 49 42 61 78 55 57 53 36 55 87 59 90 62 14 35 66 20 87 44 28 76 99 9 17 55 51 58 69 5 79 72 34 1 44 82 3 86 
60 42 93 6 47 99 58 51 71 9 27 8 56 18 99 83 58 29 85 34 0 75 92 94 95 53 41 34 85 47 66 96 1 38 19 82 37 46 12 47 16 53 43 88 29 90 61 1 85 91 58 67 89 19 98 0 8 36 31 63 83 76 83 63 80 87 68 68 20 9 21 28 31 72 71 38 40 96 90 33 90 18 57 100 18 73 48 57 59 59 77 10 10 97 66 39 32 29 29 40 
56 48 86 42 80 23 75 75 47 3 65 28 72 52 65 11 37 66 78 64 22 68 51 14 66 98 29 94 2 29 51 1 59 50 4 4 54 79 61 49 62 67 56 11 28 76 45 77 17 16 50 84 100 96 8 97 20 95 62 22 83 91 73 31 100 74 21 26 1 11 63 56 73 15 23 23 24 28 40 58 93 53 100 28 42 84 74 100 12 48 34 63 100 40 30 91 1 9 23 10 
3 46 38 34 76 88 85 54 10 50 49 26 23 14 53 0 72 10 61 25 42 28 82 19 96 26 16 66 74 98 98 80 49 2 66 72 3 36 78 18 39 31 61 19 22 6 25 58 57 82 2 76 58 97 44 52 3 8 58 6 48 10 9 2 52 35 49 14 96 25 15 96 50 63 28 11 89 67 99 18 35 49 26 43 87 46 40 31 26 3 51 46 87 17 16 57 2 40 34 87 
85 57 56 12 78 60 63 95 58 91 9 50 29 28 47 90 93 64 21 5 18 75 1 88 91 81 2 0 8 81 59 96 92 64 40 39 95 85 42 59 30 88 40 0 61 85 94 8 1 16 52 74 5 94 18 3 31 70 13 19 38 50 38 60 84 5 12 35 17 44 4 30 21 1 93 70 37 71 17 52 80 9 0 100 69 10 20 63 43 76 54 98 87 83 3 49 7 73 59 25 
36 100 67 10 32 75 62 20 71 71 2 96 50 72 86 17 98 66 90 85 34 33 49 54 81 22 99 98 76 85 83 69 67 74 86 98 44 3 11 42 13 82 45 10 41 9 75 0 53 45 48 94 42 61 82 46 39 24 33 10 49 6 54 77 44 12 73 48 32 81 46 15 20 83 34 53 89 28 37 88 88 21 71 99 32 48 7 20 14 34 99 26 77 70 46 96 84 28 49 18 
98 64 16 83 72 12 22 3 20 80 1 22 16 98 86 100 29 38 11 68 46 14 59 67 9 29 91 25 14 51 6 57 29 82 68 16 34 96 48 96 89 61 9 58 60 11 39 44 6 63 53 99 56 90 96 45 38 66 7 80 93 38 100 78 24 14 92 31 60 58 28 24 69 33 72 44 92 54 68 82 16 0 61 49 31 31 27 33 85 72 1 72 7 57 55 34 66 89 77 54 
95 42 56 24 59 8 67 3 26 31 7 44 39 28 41 3 4 97 58 42 97 95 49 88 11 75 100 83 100 79 46 14 30 46 37 89 27 92 88 26 49 8 40 38 97 39 99 6 43 1 94 55 98 77 99 11 55 86 37 47 51 27 63 65 66 69 34 77 59 39 46 12 66 25 35 36 31 46 66 85 34 75 42 13 8 75 38 0 91 9 66 92 48 64 16 89 69 72 80 38 
40 18 40 79 1 19 24 69 51 57 38 38 5 21 18 87 26 15 53 33 5 22 28 58 5 24 35 95 58 23 11 33 3 6 60 49 37 85 49 14 46 64 100 69 85 9 30 99 3 32 68 14 59 91 20 88 24 21 32 90 3 23 28 74 93 13 49 71 38 27 72 6 24 85 31 69 77 2 85 67 70 15 36 7 9 24 97 64 51 61 99 12 89 17 99 70 65 19 23 59 
0 11 97 48 70 66 23 73 14 68 39 44 73 6 66 5 98 60 65 91 13 4 53 11 2 90 16 78 83 25 81 100 11 3 69 99 12 82 37 75 42 40 34 28 9 72 7 66 57 4 59 69 2 70 41 63 50 19 76 58 47 6 21 10 54 36 9 78 15 76 17 19 38 38 83 24 15 32 80 72 92 0 13 69 67 20 3 100 41 49 18 35 46 23 69 58 11 94 1 46 
77 65 87 49 75 56 80 29 38 76 15 83 29 41 27 70 29 41 16 3 58 13 44 59 93 5 97 51 35 54 54 62 46 9 53 47 1 34 10 100 36 56 88 51 32 6 64 52 83 50 68 58 24 46 83 85 91 11 26 19 44 0 92 0 16 79 77 33 73 40 45 45 86 5 91 47 7 66 79 26 57 91 85 96 59 0 75 59 45 81 83 65 29 77 70 30 76 22 41 48 
79 47 19 60 100 5 1 72 61 53 38 92 17 63 35 96 39 100 87 97 37 13 4 69 26 19 71 48 26 77 21 100 33 94 60 79 43 48 30 71 39 7 16 69 89 97 4 86 65 17 38 95 87 47 86 19 28 3 94 0 85 59 83 100 90 4 26 85 35 45 46 5 13 49 28 51 20 71 67 98 55 25 25 43 58 67 48 97 75 54 11 63 23 52 79 92 11 71 24 88 
64 99 8 98 90 11 65 5 95 80 39 9 82 60 62 39 13 90 97 50 5 87 53 52 82 87 23 81 49 10 93 0 30 26 19 53 9 2 35 94 100 61 69 65 21 93 44 82 58 84 21 82 44 92 47 37 43 44 68 26 68 33 51 47 15 20 47 18 96 22 44 94 25 66 54 11 4 11 17 9 56 46 56 87 63 33 78 15 74 84 8 11 51 63 2 24 86 7 15 91 
15 83 32 57 0 99 48 94 75 85 74 28 60 44 40 7 22 97 31 11 19 93 15 19 55 50 94 9 45 6 55 42 85 10 57 80 57 56 72 11 23 33 2 16 47 40 37 11 48 88 56 72 61 2 46 75 48 36 17 45 12 85 18 68 3 30 65 90 74 46 29 52 64 15 96 54 42 47 66 88 100 68 43 64 82 24 15 95 86 93 23 79 13 43 49 50 2 56 43 57 
26 79 34 71 62 45 72 26 53 60 15 89 70 98 64 17 35 90 93 24 85 11 52 89 56 91 42 22 69 79 48 30 76 67 13 57 20 90 77 72 5 29 11 86 2 90 54 62 70 40 16 4 3 62 18 55 79 51 52 91 37 79 95 96 52 83 8 47 13 54 34 23 37 53 3 58 35 45 5 61 94 33 2 81 13 93 58 49 93 41 74 49 9 94 63 55 38 31 82 2 
3 65 78 29 87 51 14 41 6 60 73 94 62 56 14 64 5 60 41 37 7 3 78 34 23 55 33 23 25 99 73 21 51 8 43 15 66 5 35 91 77 15 45 98 79 40 15 96 33 49 23 3 81 2 74 96 48 12 0 87 73 50 29 61 16 83 76 37 2 2 98 85 0 49 76 71 62 53 50 52 38 89 27 99 64 11 65 38 87 74 52 51 94 25 85 3 92 76 4 66 
18 76 40 55 49 88 54 23 18 63 31 55 77 81 23 38 85 96 60 85 69 37 44 52 5 21 12 100 32 56 67 55 87 23 87 100 77 97 92 16 8 1 75 38 53 3 92 82 44 94 31 58 0 94 76 70 66 59 100 94 90 73 6 2 65 55 19 81 80 15 37 34 66 27 76 22 7 59 27 63 22 8 97 43 34 37 33 62 100 92 8 85 26 93 93 48 72 63 40 30 
67 19 53 9 63 86 10 79 61 86 94 30 23 92 49 56 66 62 15 58 44 26 57 70 25 70 7 51 94 61 85 15 88 44 66 63 46 0 100 54 54 20 85 100 31 23 70 54 9 79 28 78 44 69 100 63 66 86 73 58 90 42 87 67 6 86 0 96 33 83 89 98 15 24 52 10 70 43 9 26 52 17 78 58 52 59 14 82 99 52 21 70 66 67 59 53 16 58 53 71 
75 78 91 41 83 15 97 71 15 45 29 70 82 82 0 80 45 63 91 1 60 57 46 98 80 43 74 38 86 80 14 23 27 26 13 65 38 83 84 90 56 69 81 95 52 85 11 16 4 39 49 96 5 8 23 96 61 35 49 32 31 91 1 93 2 89 5 61 55 61 15 51 53 25 34 21 22 61 88 50 26 44 47 41 22 74 93 28 81 64 72 23 26 62 93 41 0 35 36 63 
67 10 3 84 43 57 25 34 53 86 77 68 16 59 56 70 63 27 40 48 90 8 61 5 21 78 47 28 16 75 12 46 40 92 9 34 51 34 26 65 10 47 54 30 77 26 46 60 42 71 87 29 15 60 18 1 32 29 59 92 22 50 20 53 84 44 42 98 66 87 1 27 26 22 2 52 50 48 63 4 71 7 34 60 95 77 9 31 26 39 99 1 37 27 63 94 71 19 18 50 
0 26 14 27 18 77 46 32 93 84 60 29 98 93 17 42 8 30 2 53 44 33 5 7 88 78 24 32 79 41 92 14 82 72 32 90 75 71 80 43 43 48 55 5 60 10 34 69 23 85 33 57 51 83 54 52 49 15 57 86 5 60 19 41 55 63 10 50 52 93 41 0 78 91 17 96 51 23 90 77 89 77 80 78 25 47 33 69 41 50 45 61 0 69 3 33 58 68 100 57 
89 22 41 55 99 71 92 15 51 94 11 45 32 90 67 11 77 25 48 9 71 79 27 27 48 74 81 27 84 92 3 1 47 36 19 33 56 77 74 75 30 60 59 74 75 61 5 32 16 9 3 70 21 90 95 26 4 58 94 10 17 14 13 94 0 39 97 96 1 24 94 48 47 91 79 98 10 66 59 95 28 98 55 40 87 8 72 69 80 86 73 32 47 10 97 79 64 27 71 25 
75 86 25 18 14 17 98 61 13 67 4 44 62 100 14 61 36 99 52 13 44 69 4 62 68 15 72 92 27 90 73 30 13 96 3 30 24 55 2 18 25 64 65 90 53 67 62 99 90 55 7 37 77 32 84 37 33 26 43 90 1 62 20 7 39 3 90 30 3 61 73 62 22 24 23 66 99 98 84 95 2 75 4 48 37 12 68 6 30 87 100 0 68 7 28 21 92 15 81 11 
78 0 17 33 58 33 66 48 93 49 68 56 51 46 44 41 88 28 28 2 99 28 61 17 54 32 51 24 61 43 5 17 87 2 32 1 92 27 46 33 32 78 62 6 70 98 34 39 87 0 49 92 0 45 5 49 62 12 12 80 19 95 90 65 2 17 98 73 99 98 69 91 1 4 39 6 3 31 60 44 30 18 83 30 84 98 16 24 36 95 30 96 70 2 59 91 78 81 85 22 
61 60 56 20 80 43 25 94 91 16 42 51 94 88 97 25 11 64 59 96 81 10 2 84 15 81 91 91 45 10 38 18 41 58 12 62 19 95 68 40 28 65 81 48 73 99 45 39 72 85 100 79 71 31 61 100 40 11 27 16 98 79 81 45 8 24 23 20 1 77 67 3 16 61 64 3 48 23 12 10 82 100 20 74 21 86 67 0 23 11 35 83 42 18 45 10 74 21 76 42 
50 41 14 23 90 47 76 98 33 12 59 46 87 26 71 3 73 29 11 82 44 48 69 50 16 76 5 66 23 33 52 6 38 21 32 40 92 46 95 29 8 13 45 38 88 78 6 47 37 63 44 30 7 41 23 41 21 62 62 42 13 96 29 8 58 13 29 99 94 50 10 0 43 45 0 77 38 85 32 44 50 10 79 23 84 20 91 25 29 67 75 97 50 32 88 91 41 13 71 76 
55 87 83 10 41 80 88 94 43 96 70 17 91 91 57 66 39 75 8 45 42 35 34 32 13 90 25 7 37 48 46 35 82 21 92 27 36 93 90 60 61 43 7 92 31 78 49 88 54 31 42 96 60 75 43 96 86 39 82 96 48 19 62 60 76 88 62 30 38 64 87 97 86 49 40 25 23 16 19 87 0 90 31 22 58 29 95 48 64 91 62 40 43 63 66 87 99 53 86 79 
15 76 75 34 1 46 50 85 22 36 20 10 56 79 0 74 40 12 66 61 80 85 27 99 55 99 94 37 34 61 88 37 95 26 0 26 93 75 93 96 58 96 9 41 10 2 55 30 64 20 100 58 57 85 11 100 12 84 8 47 46 18 34 15 32 46 94 44 40 94 43 74 20 67 6 63 42 55 48 18 63 94 79 97 43 27 55 94 1 68 60 75 6 84 4 8 66 25 88 80 
44 53 28 56 4 64 74 20 16 50 92 80 64 85 1 81 41 27 84 32 36 99 91 50 44 13 99 44 23 30 94 70 11 21 69 70 7 77 1 56 10 87 36 65 77 37 87 70 8 19 12 19 14 14 55 68 84 31 20 19 73 33 3 90 90 41 59 100 95 41 40 20 57 59 4 51 4 77 72 44 58 92 68 84 69 86 87 65 43 22 31 35 51 2 75 24 24 96 97 92 
2 65 8 3 31 35 80 89 55 30 58 84 2 72 11 99 54 30 12 31 82 7 47 51 22 12 24 38 45 39 99 84 89 56 62 9 60 47 2 90 65 100 13 38 85 98 36 80 81 57 12 33 79 50 30 14 72 42 81 82 73 67 51 36 51 55 12 100 61 51 33 21 73 69 77 100 0 13 50 22 56 41 74 49 47 54 57 5 49 32 5 63 20 91 8 16 52 54 58 41 
33 74 46 54 89 90 85 0 79 58 51 63 62 20 41 57 51 72 97 32 33 89 75 26 10 30 59 81 56 86 24 99 56 66 71 43 80 32 35 91 84 84 10 44 26 16 50 76 21 48 10 49 95 8 35 67 48 34 97 82 17 90 8 15 89 83 38 2 20 77 33 1 13 90 23 46 17 0 90 57 59 30 42 95 55 66 22 74 31 11 92 69 9 49 99 89 13 56 55 71 
92 99 93 81 70 96 85 88 92 35 75 78 92 29 51 59 28 42 7 16 47 78 1 53 59 9 61 50 49 13 78 100 60 58 79 69 45 17 3 61 75 56 81 50 27 49 25 92 54 74 20 85 59 65 68 95 27 13 25 16 13 36 86 100 18 24 44 88 97 16 86 39 43 61 74 17 51 2 1 84 68 67 62 79 76 26 29 7 55 47 72 58 33 53 69 6 29 98 80 46 
5 61 1 90 81 9 7 11 29 39 40 62 95 65 57 3 43 50 87 37 7 64 81 26 5 34 62 78 65 11 48 65 30 36 50 29 49 43 58 17 35 76 75 66 90 1 4 17 19 95 32 52 61 84 3 19 19 27 40 21 65 79 16 87 72 76 64 89 84 31 94 23 55 37 5 59 40 84 14 43 16 22 14 43 15 40 22 95 68 80 74 79 57 26 76 3 19 5 36 97 
68 1 12 30 92 91 94 65 92 67 97 7 22 72 83 59 33 92 11 1 76 43 98 85 29 91 66 96 72 18 40 7 92 69 45 34 58 89 97 67 60 88 30 98 58 86 72 43 56 83 35 33 6 10 6 82 29 43 37 37 64 21 95 37 17 41 53 92 26 26 80 49 4 80 67 72 17 81 94 94 36 34 30 35 8 35 76 35 68 59 27 13 58 54 87 29 54 60 12 38 
89 39 46 20 88 44 59 22 96 76 95 52 82 85 76 32 85 92 0 60 43 94 71 90 54 15 100 81 34 12 66 50 75 23 44 69 81 19 97 32 66 43 94 97 95 2 39 79 43 98 65 62 44 96 35 73 3 3 96 96 71 100 72 73 12 62 54 94 91 46 46 77 22 23 31 30 3 5 66 49 18 0 30 91 76 41 95 25 57 86 93 5 59 88 32 39 63 75 0 96 
38 19 97 13 19 34 7 62 70 75 95 69 49 88 24 69 81 53 89 74 3 5 23 83 65 16 67 26 74 33 37 25 64 10 24 51 66 72 98 52 69 21 19 92 96 79 14 85 14 48 19 14 9 13 72 24 24 98 4 29 75 84 55 66 10 55 65 45 69 71 62 11 21 56 60 92 25 98 39 55 41 67 60 22 64 11 31 3 8 96 7 42 21 62 6 33 98 57 32 72 
39 4 91 29 15 95 76 29 45 42 55 32 90 1 9 72 98 21 2 95 38 1 7 9 1 56 100 67 16 43 4 93 82 85 61 57 73 58 83 82 38 54 6 6 47 8 83 89 84 16 54 93 45 66 50 56 17 41 95 83 42 8 15 11 94 39 33 15 92 14 95 98 92 33 52 25 41 25 67 86 37 10 42 77 17 98 30 98 92 86 44 30 86 10 73 78 34 27 60 69 
29 93 84 69 20 15 93 6 7 19 73 67 53 83 59 57 78 91 95 75 48 21 94 12 23 42 4 69 22 86 76 11 38 93 73 12 42 59 83 9 95 26 60 98 88 75 88 26 80 96 21 6 55 83 9 0 4 58 33 9 52 81 83 94 31 14 77 68 16 54 32 21 13 83 69 31 2 23 26 0 24 25 98 76 28 76 65 79 25 42 62 4 36 23 28 56 65 97 88 46 
37 61 28 2 61 31 26 33 6 65 53 73 14 85 63 46 40 79 70 74 63 22 16 91 1 69 6 83 86 18 43 45 64 89 62 92 80 9 59 66 35 13 16 58 79 69 31 58 82 19 46 88 64 14 4 8 4 45 60 5 5 25 31 37 21 44 1 56 37 64 5 67 13 36 70 23 34 66 33 78 92 10 82 20 62 82 78 3 62 69 60 91 21 60 35 23 20 39 57 1 
82 49 58 23 5 42 72 3 84 39 58 83 3 18 27 92 30 66 43 56 72 8 97 81 34 59 3 99 59 96 17 22 90 21 68 53 66 25 66 20 2 43 56 86 47 41 82 23 15 11 22 2 38 83 15 59 22 38 98 8 1 44 2 43 47 10 25 78 9 47 25 35 26 26 19 89 82 77 82 77 69 16 27 25 16 57 73 87 59 6 79 43 86 17 67 97 13 39 10 45 
82 91 8 48 79 5 97 69 92 55 12 84 89 87 0 34 78 53 79 79 94 80 86 0 97 18 20 44 66 56 99 49 88 97 28 22 98 21 95 67 54 7 27 35 96 63 82 84 42 96 74 72 91 27 13 28 45 46 72 96 24 91 52 100 22 75 77 17 54 92 61 24 50 13 58 85 13 26 83 53 79 94 4 15 46 70 60 27 100 2 29 89 67 0 41 6 67 67 8 33 
11 66 4 9 33 52 50 42 97 46 19 53 91 37 99 87 100 93 57 3 28 61 35 78 1 81 79 24 11 78 76 45 25 10 66 9 48 14 24 38 12 81 80 100 38 77 14 94 88 31 37 67 42 100 12 11 54 22 58 81 77 76 9 96 59 19 47 42 17 51 86 86 50 51 71 51 4 99 74 32 80 49 37 54 67 5 28 64 65 49 20 65 36 10 49 2 1 77 65 21 
46 50 100 32 79 64 16 98 17 33 47 33 76 57 6 6 7 14 85 27 49 73 99 34 34 15 24 58 38 89 85 45 69 71 51 49 44 69 32 66 83 9 55 81 7 59 66 1 87 72 10 39 1 91 73 68 62 21 8 69 62 44 37 8 43 39 6 41 76 20 80 11 37 51 8 72 76 10 60 13 62 21 22 24 58 41 14 53 77 20 99 32 76 1 31 82 66 3 48 70 
45 81 17 52 71 21 68 77 8 52 61 62 69 75 16 49 96 34 67 17 64 0 45 72 99 38 91 87 28 14 75 77 1 79 54 82 15 84 50 61 92 15 74 42 16 92 29 27 86 78 0 86 36 78 28 0 73 67 21 17 79 87 69 76 74 73 62 90 56 13 76 35 22 7 43 74 96 31 28 19 97 57 38 30 45 75 95 45 28 72 0 99 10 78 6 91 19 98 42 15 
75 71 9 46 88 39 37 37 61 25 72 75 32 42 64 34 6 79 97 73 22 29 5 74 77 18 79 22 40 91 53 48 46 64 40 95 93 54 100 99 23 8 62 95 18 35 27 42 16 69 24 98 12 59 29 59 19 99 29 55 2 42 64 26 97 75 56 88 47 58 88 63 71 65 9 96 74 47 0 56 92 90 36 1 6 26 69 65 28 96 42 50 40 4 18 72 68 56 61 47 
61 50 93 61 52 64 91 97 44 92 10 4 38 31 74 84 50 93 92 69 43 90 3 80 82 81 32 74 29 60 26 21 47 24 96 78 84 76 63 96 74 63 54 4 8 46 95 49 83 29 31 10 44 100 39 72 13 27 63 34 70 15 70 48 31 73 52 55 70 5 6 95 68 2 91 98 85 27 58 82 71 63 2 12 66 42 53 83 8 55 29 71 13 80 85 26 37 6 78 11 
76 97 97 75 58 10 32 24 70 58 72 12 67 14 95 92 10 48 79 79 50 40 39 47 74 49 73 67 16 25 23 22 91 59 76 23 52 38 21 3 28 41 99 25 3 35 3 76 30 75 49 97 7 66 15 32 89 40 50 28 13 76 78 93 12 25 66 35 61 89 67 6 96 34 55 74 1 25 24 7 8 41 69 33 50 28 87 28 100 42 32 88 32 93 55 77 85 32 82 23 
25 44 66 18 87 22 75 19 60 84 87 32 87 17 89 23 87 54 91 16 33 61 47 91 42 86 91 41 58 94 41 14 80 19 47 41 46 66 20 82 20 37 51 86 22 78 23 5 72 22 9 61 22 90 13 95 87 85 44 28 35 59 64 42 96 45 95 46 79 58 23 17 85 21 78 64 65 74 81 31 8 13 17 98 31 26 62 51 60 0 59 60 71 65 84 100 24 15 6 100 
87 87 55 88 73 22 42 45 18 45 26 42 25 23 34 43 57 59 5 11 28 83 10 21 33 75 76 8 97 63 6 73 88 95 74 62 85 2 36 3 51 84 78 61 46 6 93 14 19 67 96 62 94 22 19 74 62 15 29 1 87 51 17 55 53 66 89 99 17 74 14 80 14 60 57 5 49 34 98 73 78 8 83 9 71 87 38 47 18 41 85 16 15 10 39 65 91 17 81 38 
49 65 82 70 48 25 79 82 39 48 74 100 90 71 76 59 67 96 36 55 82 12 0 45 29 7 63 21 77 97 12 86 10 99 24 89 28 98 23 61 52 45 89 34 87 68 84 89 67 17 4 0 55 63 43 85 0 93 27 28 21 82 98 79 38 41 71 37 53 43 34 10 36 20 52 29 31 58 19 18 62 27 92 91 3 60 86 44 8 86 98 89 50 68 35 9 67 66 62 71 
26 14 89 19 20 43 40 67 14 38 69 72 66 65 32 51 27 72 87 56 46 39 97 41 28 91 36 72 12 57 39 7 99 0 53 79 61 97 67 38 45 51 91 36 31 46 87 68 24 46 44 98 68 3 85 92 92 77 62 60 49 72 62 40 90 45 52 39 50 51 66 97 50 96 63 68 24 49 97 62 54 76 35 77 81 45 85 37 19 64 99 51 46 71 15 69 36 83 19 93 
75 0 23 59 24 49 55 60 68 24 33 59 14 65 55 54 96 39 38 83 20 45 20 90 48 17 10 23 16 56 65 90 88 17 35 1 46 62 9 13 10 79 47 4 63 19 13 7 81 99 89 96 85 39 60 74 41 0 64 82 70 45 49 8 97 100 62 83 1 37 35 22 87 68 25 48 70 42 8 61 77 5 77 85 35 19 74 28 40 78 7 93 35 19 12 44 20 64 100 64 
97 1 66 0 60 3 28 78 21 8 76 95 98 92 60 90 91 94 46 97 35 59 39 36 25 81 78 22 53 36 3 97 40 45 76 25 41 99 78 25 36 13 87 64 14 16 43 19 69 43 38 89 50 3 41 86 99 59 85 57 87 97 69 11 100 71 26 94 65 9 55 32 50 60 28 30 86 68 50 77 20 13 93 25 73 52 71 96 100 9 21 8 14 30 9 20 66 32 79 76 
54 83 69 97 46 98 9 65 58 57 81 76 11 77 92 45 33 76 90 0 81 40 97 60 44 35 37 90 44 64 4 64 56 35 6 76 17 24 80 20 92 62 44 73 90 65 77 47 80 49 79 31 76 83 1 77 20 64 86 4 63 43 43 50 28 14 94 69 80 68 29 43 36 59 7 64 58 55 32 47 5 62 39 19 4 21 19 76 22 19 47 91 65 86 0 79 75 77 25 31 
36 61 25 84 89 58 9 83 93 74 29 63 20 20 70 10 74 17 10 13 83 89 37 58 79 23 35 16 14 47 98 73 54 1 43 43 11 37 74 53 97 87 6 84 71 78 98 2 57 18 76 20 31 85 11 49 98 45 6 36 99 37 29 80 45 23 4 41 42 13 27 0 21 47 31 46 57 65 31 81 12 78 76 13 12 93 49 93 64 54 35 34 0 34 64 27 21 17 63 29 
43 94 90 7 48 23 75 81 14 77 95 70 48 47 38 37 90 68 37 97 88 21 25 64 88 71 6 15 27 92 34 9 29 85 22 41 44 8 95 23 72 46 90 87 28 83 95 5 91 25 73 60 22 80 6 43 0 30 60 25 18 98 83 83 55 69 40 90 18 19 70 79 65 11 9 94 49 62 26 13 40 80 78 3 61 38 74 95 77 79 40 18 1 28 34 98 97 63 24 11 
43 19 10 1 41 21 98 54 73 42 27 67 41 36 45 37 28 80 76 81 93 11 61 67 73 50 86 54 94 58 47 17 60 47 72 19 92 30 79 45 25 24 96 15 18 54 13 16 63 60 56 16 30 31 67 9 54 35 36 49 6 82 53 87 43 62 64 22 39 13 26 91 35 89 41 57 32 86 48 85 17 48 12 5 86 52 18 33 13 100 70 21 0 27 85 86 61 49 59 63 
6 93 33 90 26 19 86 4 60 44 24 33 72 0 31 84 82 25 17 41 42 87 76 31 84 11 42 90 5 8 63 21 86 76 0 52 24 78 13 70 81 47 51 0 25 67 83 38 73 64 74 46 62 47 64 15 85 93 60 61 88 0 68 87 28 100 6 17 30 27 39 65 55 24 28 97 16 36 8 33 9 52 47 49 74 90 31 12 17 23 34 23 65 13 18 95 57 46 9 88 
84 33 89 70 35 73 48 23 31 18 62 1 99 59 67 70 96 93 0 45 81 15 14 89 0 60 42 57 50 42 1 79 54 12 5 49 74 96 76 68 93 89 62 75 39 61 64 39 70 45 77 69 2 35 35 61 20 6 59 20 5 92 59 18 50 64 71 61 78 73 16 51 63 3 54 13 26 20 92 27 61 77 35 55 92 39 73 68 25 36 68 71 87 59 40 39 98 28 38 68 
17 92 33 46 8 79 26 41 21 87 91 85 10 99 97 1 73 72 13 86 23 0 29 64 66 96 7 5 79 64 97 2 99 56 55 82 61 78 3 51 66 18 73 21 69 97 49 45 53 68 22 4 97 42 56 9 89 78 5 69 24 56 30 2 77 7 79 63 71 26 64 2 54 100 30 89 52 6 3 59 96 0 86 90 41 81 29 36 31 28 53 27 100 51 80 43 90 29 83 57 
69 18 23 70 35 16 65 65 18 53 50 18 58 45 15 73 84 96 55 59 18 47 24 7 43 72 100 75 66 40 57 37 72 4 39 100 62 95 55 73 75 49 68 83 45 35 0 99 77 46 15 19 42 81 43 49 29 97 84 81 78 51 11 30 47 75 95 76 64 28 96 82 61 87 3 89 16 22 3 26 51 92 77 82 96 68 37 45 21 52 39 84 85 2 8 32 72 54 30 85 
26 44 4 35 99 41 72 92 9 33 59 95 37 79 21 48 33 1 41 13 50 66 82 1 12 55 14 70 80 29 36 87 25 54 92 15 73 0 0 78 3 14 88 20 87 5 66 53 90 47 26 99 85 8 19 66 78 73 23 88 90 87 64 7 31 3 88 42 79 10 88 93 99 99 49 71 18 95 16 27 16 63 37 31 32 31 39 34 94 67 7 29 50 8 47 69 87 90 24 99 
23 25 4 66 61 49 4 34 89 84 83 80 59 100 19 2 84 36 3 3 45 50 85 15 4 60 28 79 81 48 22 21 95 53 15 7 7 28 5 61 55 25 24 86 73 37 70 63 5 63 40 43 39 84 44 90 96 43 45 37 14 33 68 11 16 32 92 27 15 48 85 0 38 87 38 75 53 32 18 34 93 33 50 40 72 58 31 85 51 55 65 82 67 28 12 84 87 11 83 90 
