74 40 23 49 55 67 75 68 73 3 42 61 17 13 63 76 90 78 44 4 11 1 20 41 80 33 50 66 11 30 43 96 51 35 73 30 59 16 92 14 86 77 56 90 91 61 77 33 96 81
17 23 67 1 7 7 80 65 51 71 34 21 8 72 70 79 48 87 21 88 75 34 11 75 15 76 40 84 8 71 78 6 63 79 37 89 15 68 55 70 6 73 50 33 41 45 85 19 72 36 
98 92 76 75 29 48 83 83 44 87 79 58 29 99 84 72 0 14 52 24 37 25 98 71 69 32 80 68 21 59 35 59 76 8 53 39 35 49 92 60 80 88 83 4 0 78 95 97 18 73 
18 3 16 60 30 87 27 5 75 51 53 73 63 73 80 2 1 13 68 68 90 92 46 100 59 96 67 52 72 78 24 39 99 17 67 63 31 62 28 59 4 24 92 57 2 85 34 21 58 67 
84 2 42 59 6 32 45 86 26 9 100 70 33 97 73 22 98 50 53 98 5 35 51 66 95 6 88 84 75 35 95 80 89 22 33 72 1 55 47 67 90 35 2 44 80 48 84 30 17 59 
50 100 99 9 68 9 0 76 38 84 26 20 92 76 65 54 61 70 22 94 100 95 52 23 18 25 73 22 66 30 51 31 51 8 89 84 2 33 91 88 85 32 80 31 12 50 44 16 69 27 
60 53 46 76 88 58 62 19 62 97 28 0 1 1 44 24 55 31 10 3 26 64 59 90 81 24 6 69 13 98 80 8 0 86 76 48 18 83 73 84 78 32 30 51 89 34 56 26 9 67 
16 4 36 13 63 85 57 58 45 42 77 53 30 64 47 59 36 6 12 73 32 69 60 28 5 26 12 33 13 65 45 8 14 46 54 95 43 92 71 11 77 90 27 0 18 7 84 83 14 37 
24 58 48 53 90 83 99 18 22 77 78 63 0 58 4 48 39 83 86 10 98 88 65 51 69 14 35 78 23 40 16 80 89 44 97 67 7 69 88 67 56 27 18 53 14 18 7 33 91 34 
33 1 79 31 72 89 26 14 9 73 60 51 27 63 37 46 81 28 19 44 39 72 29 7 23 11 96 22 83 57 46 27 81 86 54 34 0 67 66 62 50 25 9 87 20 42 88 70 92 79 
59 96 19 25 45 29 59 60 48 83 16 56 29 39 45 82 15 42 40 91 54 50 72 50 22 78 4 13 50 22 70 54 70 77 20 99 51 84 66 46 2 70 14 19 3 35 37 79 99 10 
78 62 71 91 7 17 7 2 91 0 7 13 69 62 42 58 29 53 63 64 97 11 6 6 0 16 77 90 22 97 14 54 12 70 86 95 95 55 48 47 65 29 52 59 100 74 17 79 19 53 
61 53 82 31 38 37 42 36 61 82 38 88 16 18 49 19 12 80 91 50 76 51 74 80 87 95 65 39 74 26 99 72 82 42 42 78 76 22 36 12 26 70 86 68 78 64 51 25 43 65 
100 60 53 24 92 92 65 33 35 83 70 48 50 82 31 84 45 68 75 71 70 8 69 47 66 5 60 92 39 58 67 0 66 84 95 34 97 41 23 100 5 80 86 9 61 2 100 63 43 82 
76 29 67 67 65 0 25 63 42 58 18 8 8 29 77 79 87 22 13 84 85 61 2 98 64 70 16 79 19 19 19 14 99 1 85 79 87 10 31 1 16 60 25 35 96 60 1 1 55 89 
73 14 32 93 24 11 15 9 66 67 78 88 69 24 32 74 98 75 98 4 60 95 2 44 29 77 99 97 5 70 41 34 53 88 72 69 85 69 66 20 33 14 25 30 16 44 8 20 61 24 
18 91 11 38 37 33 1 53 62 38 50 64 34 53 30 86 10 15 58 8 99 97 9 100 96 90 91 77 11 46 32 34 42 2 68 56 47 55 73 40 86 24 90 60 82 46 3 11 69 7 
27 51 45 8 44 81 7 91 57 33 57 78 2 71 73 77 76 15 36 31 31 27 40 51 98 20 97 34 88 48 96 34 8 85 41 32 80 87 73 13 57 27 76 0 95 53 11 95 67 78 
26 19 83 93 19 62 76 7 23 64 54 73 22 61 89 58 46 86 74 7 4 54 57 80 20 8 53 70 79 97 12 91 92 29 21 62 98 60 68 39 99 45 80 41 19 79 80 18 92 91 
7 22 13 15 54 1 84 28 100 20 1 73 57 9 67 6 21 9 95 62 47 8 10 46 39 32 22 30 28 84 98 99 84 1 72 1 5 61 85 21 48 63 26 18 95 20 63 7 47 11 
7 43 7 29 17 26 52 33 20 37 82 9 66 2 3 93 72 25 42 74 36 69 30 4 68 26 43 43 10 87 53 5 89 64 46 39 36 81 68 18 99 23 58 76 28 75 22 11 42 13 
12 93 26 96 65 55 57 77 98 93 94 15 61 67 2 36 3 84 56 41 19 70 2 12 98 94 91 18 5 39 86 29 37 96 29 15 67 99 38 95 28 38 5 89 41 15 6 87 1 100 
44 89 25 61 46 44 41 41 68 95 37 79 50 24 68 53 43 96 51 76 93 11 98 46 37 53 96 67 17 5 26 64 62 18 24 52 48 51 76 31 49 85 9 63 37 4 35 21 8 97 
78 96 3 3 30 28 93 55 42 29 47 45 90 75 48 81 42 38 68 61 56 53 54 91 58 2 18 6 30 86 92 84 25 27 66 44 32 39 28 0 9 28 63 11 5 22 64 100 41 69 
86 57 99 95 33 95 88 22 52 43 54 99 28 92 44 23 89 43 10 46 83 77 21 99 67 68 72 64 8 22 52 96 61 57 7 3 21 13 15 86 77 43 93 67 1 4 84 97 85 29 
96 31 79 87 14 42 96 98 33 58 97 69 14 77 96 40 78 52 27 82 14 79 97 54 61 12 63 38 74 55 0 87 67 52 39 77 58 0 87 11 16 50 24 97 27 93 48 77 9 21 
83 80 63 76 90 10 17 12 9 50 67 18 13 85 38 34 19 12 97 100 73 16 72 93 32 95 98 10 56 68 93 36 23 87 49 96 79 17 48 69 59 35 78 56 67 35 12 13 89 1 
15 71 4 83 70 77 92 74 79 18 40 84 60 43 13 99 96 50 1 69 99 11 18 52 59 49 59 25 39 71 60 87 76 82 74 90 39 59 59 26 99 2 91 25 96 0 8 77 40 30 
68 50 31 84 85 2 61 78 11 15 32 67 36 99 93 52 31 69 26 34 36 85 56 73 45 91 54 32 41 100 10 4 67 23 94 85 23 36 50 7 67 74 86 67 15 74 86 63 28 6 
69 36 34 99 23 54 86 97 83 67 49 18 25 7 70 61 78 13 6 25 45 59 63 97 41 31 88 4 97 11 58 9 82 90 36 62 46 68 81 45 16 76 41 88 66 65 13 65 81 88 
85 76 2 42 69 94 38 79 84 10 4 44 82 47 35 34 29 36 81 1 75 49 84 59 70 56 81 91 59 64 57 10 61 45 72 7 44 1 67 45 2 10 60 71 65 61 39 1 100 37 
55 43 53 21 62 52 58 2 56 92 99 62 53 29 64 33 62 84 14 71 9 94 18 5 61 13 24 63 40 62 13 78 35 53 11 18 59 49 75 55 30 43 39 80 32 6 76 23 61 67 
34 87 45 89 37 53 51 76 8 65 50 20 20 4 55 13 7 87 36 40 38 38 79 86 31 32 89 82 49 59 58 84 66 71 56 48 41 23 15 59 40 50 100 27 90 100 58 70 76 89 
58 89 7 54 79 76 85 8 27 73 3 66 48 57 39 82 8 89 11 14 52 100 79 46 21 5 6 23 40 46 17 99 15 58 60 40 25 74 78 11 50 93 96 74 5 88 61 83 74 3 
91 37 73 71 48 11 21 16 39 4 53 22 4 50 40 84 98 95 2 81 38 40 53 20 56 70 15 91 71 0 0 50 96 97 42 66 54 99 68 41 92 21 92 57 46 34 5 53 29 12 
21 91 30 49 87 61 52 4 33 79 81 63 65 87 68 85 9 14 37 94 5 64 19 7 98 75 43 71 98 42 80 58 61 27 15 60 1 45 83 17 6 92 27 45 94 11 83 4 28 85 
72 11 22 56 49 12 55 69 63 88 20 4 35 19 99 97 86 62 52 2 17 23 68 55 88 29 71 96 63 32 73 69 86 21 9 88 62 18 54 93 70 62 48 60 64 93 94 75 45 87 
82 62 42 69 47 10 84 77 55 0 20 19 52 87 69 49 22 89 31 49 17 68 22 73 10 98 65 86 35 1 76 50 81 95 22 3 32 38 27 21 75 49 61 49 17 16 3 89 11 75 
72 73 92 74 87 84 55 7 10 60 86 94 47 81 70 26 3 16 24 34 78 100 6 55 57 54 57 32 16 67 23 84 43 61 60 87 1 72 97 72 60 94 78 30 25 42 24 36 51 30 
60 96 39 96 4 72 49 18 46 51 72 13 100 26 83 88 98 41 18 17 10 13 60 17 85 64 92 92 96 52 59 95 93 67 16 4 55 85 6 36 79 24 97 32 77 6 10 48 36 56 
95 83 17 83 46 80 53 71 38 70 93 41 65 41 64 26 67 30 46 5 17 44 13 98 42 100 24 39 87 62 26 53 89 39 34 17 28 47 60 27 76 97 22 41 20 57 36 12 54 61 
37 48 60 49 44 16 36 65 2 46 6 46 93 22 23 95 33 37 41 34 37 30 30 50 12 26 13 48 77 37 28 24 14 42 81 0 84 5 33 69 49 38 2 97 83 93 16 84 60 86 
48 42 40 63 24 12 78 92 97 21 88 56 74 59 75 53 82 28 96 84 69 32 28 23 49 15 54 86 77 98 25 15 94 27 10 81 25 18 25 100 59 49 97 4 86 86 66 67 60 80 
15 18 46 84 0 56 58 27 50 43 46 87 83 44 63 67 80 46 93 19 71 76 81 62 47 17 37 89 85 68 45 24 32 58 60 5 3 28 6 99 58 27 41 95 84 3 50 92 26 9 
73 20 66 44 22 2 46 67 7 41 69 52 99 87 90 21 7 85 43 49 9 5 69 5 61 53 92 85 59 41 35 17 4 42 25 84 36 67 77 57 65 58 12 62 36 58 59 81 88 74 
71 4 26 9 42 53 81 1 43 25 85 36 87 59 87 34 75 4 94 11 63 94 92 34 66 41 38 96 33 84 61 28 17 52 46 98 79 60 71 15 3 7 73 24 10 38 9 69 89 22 
52 43 18 9 24 17 98 32 25 84 5 67 9 81 64 49 55 90 7 57 63 41 81 75 12 31 68 70 91 8 100 33 96 34 17 79 50 99 67 86 47 10 14 43 8 14 78 9 55 11 
27 18 19 34 80 83 55 78 77 33 41 66 100 23 50 25 9 85 36 79 44 27 19 22 83 12 88 92 52 9 87 17 58 74 3 36 69 15 58 58 83 93 34 65 38 76 62 53 60 0 
25 64 41 98 23 33 88 48 98 40 16 85 70 96 7 55 83 95 97 17 46 87 7 78 24 34 76 46 4 13 55 97 28 8 93 75 33 1 44 9 63 88 10 18 35 100 26 26 54 41 
36 79 51 61 83 25 74 90 43 75 0 31 18 76 55 22 16 1 64 52 48 22 97 58 43 39 54 18 70 45 26 91 79 79 53 74 19 9 11 33 64 81 6 33 18 34 78 19 49 79 
