96 86 47 32 14 82 61 78 6 57 90 68 42 90 53 72 27 65 18 63 21 33 14 54 34 47 68 95 35 4 77 90 56 81 40 97 76 65 69 36 26 15 35 99 14 12 79 65 5 93 68 49 64 54 43 24 92 7 21 70 41 80 99 70 6 7 51 90 65 84 58 69 73 5 57 95 1 95 30 67 29 7 8 63 93 35 82 60 25 57 55 48 100 51 97 93 38 10 57 6 
87 4 30 48 22 16 85 71 28 61 80 41 79 63 47 79 24 3 86 59 35 50 3 73 36 68 33 78 87 92 26 25 93 21 53 9 57 2 67 24 48 15 54 16 65 10 28 71 48 63 65 7 95 98 7 6 79 86 67 29 64 100 15 28 82 57 36 61 6 44 10 56 20 55 14 38 76 31 1 20 40 66 43 74 16 83 14 69 8 55 95 77 80 53 20 1 87 19 21 5 
98 87 23 98 88 8 53 93 83 68 49 31 83 9 61 21 20 7 11 91 75 69 86 77 46 96 93 58 68 53 61 88 83 58 91 94 82 65 0 74 49 87 79 45 72 33 6 50 66 73 94 23 27 22 84 59 51 13 70 3 37 37 2 99 17 69 5 25 95 98 50 59 72 27 83 6 87 78 78 60 24 58 49 70 94 64 14 12 29 24 94 89 2 88 87 44 77 84 5 32 
80 22 19 61 37 36 56 16 88 54 86 7 51 46 10 44 1 64 12 63 4 71 30 33 86 77 26 15 50 30 8 82 35 40 60 56 3 93 36 1 81 87 93 72 25 86 53 54 35 16 96 68 35 67 83 21 65 35 44 9 88 58 6 66 14 5 8 35 53 88 72 54 3 9 90 53 22 77 26 58 0 2 65 90 61 22 33 37 39 8 27 95 8 31 37 85 99 64 50 55 
14 37 42 49 49 61 4 17 75 95 52 58 22 51 69 73 14 72 6 56 91 88 81 45 59 48 25 63 53 21 42 83 0 74 6 18 59 2 23 61 39 64 27 23 96 92 36 98 29 20 54 38 31 5 19 29 87 98 75 1 74 27 47 4 87 96 89 40 6 31 52 84 26 4 1 65 69 35 10 47 71 86 75 70 74 72 78 41 85 99 97 95 55 45 89 60 51 60 28 79 
56 54 55 47 39 92 40 17 35 48 74 18 85 13 51 68 66 0 53 48 81 51 2 14 65 62 76 95 67 53 42 9 34 40 38 14 13 51 48 42 26 54 58 18 56 7 79 20 96 74 42 41 72 37 92 41 31 58 42 64 56 36 11 26 34 23 82 24 79 63 86 100 31 48 11 91 36 11 65 79 81 19 17 86 96 75 16 7 100 14 27 81 44 25 36 5 21 75 67 97 
35 5 85 53 38 70 16 78 15 8 43 2 73 37 92 38 80 22 85 68 1 96 98 60 14 50 18 40 68 96 6 62 83 8 23 13 70 2 13 58 86 53 59 73 60 25 37 23 41 19 4 68 76 90 64 17 77 20 96 74 94 26 88 99 40 51 56 59 86 7 93 18 20 10 36 83 33 91 19 20 80 47 0 8 13 49 3 61 97 79 62 50 99 5 50 84 10 80 93 92 
27 100 51 78 15 49 66 48 14 95 85 68 16 89 52 76 2 82 73 28 57 94 57 76 89 40 57 89 95 79 12 73 30 81 57 29 78 65 63 21 86 97 16 96 95 51 72 96 42 100 97 44 77 25 7 0 41 84 23 31 49 60 37 37 3 2 23 66 63 9 93 58 30 51 35 23 26 85 6 31 70 26 37 47 81 73 35 63 96 90 53 90 81 96 97 70 80 15 25 64 
30 74 100 94 0 50 97 71 22 71 96 69 35 49 4 99 44 46 21 9 54 73 82 45 43 93 8 4 11 73 46 5 89 22 21 61 33 55 67 4 77 9 83 86 86 20 44 17 85 1 52 45 5 93 36 22 21 48 91 3 62 22 49 79 23 86 33 22 18 74 74 32 14 62 90 85 78 37 39 22 55 91 52 87 89 57 37 17 56 57 39 54 11 86 76 91 81 93 60 6 
87 38 51 8 53 95 80 87 67 37 86 65 80 40 24 47 18 57 52 71 28 2 91 21 76 50 38 83 62 26 39 83 79 67 42 6 83 0 31 90 26 37 71 43 63 19 54 9 48 44 90 53 17 37 48 75 56 39 80 51 7 30 98 38 60 34 1 35 23 85 51 54 25 85 83 23 57 93 3 54 16 14 71 85 44 67 16 93 53 50 79 3 91 74 20 53 99 30 3 72 
41 40 6 28 48 30 54 81 88 87 76 75 65 63 90 24 41 6 30 100 89 49 70 10 7 39 96 71 73 43 63 69 2 34 74 14 75 84 88 36 63 58 90 46 25 88 2 20 72 13 20 52 82 29 53 76 69 61 56 70 65 6 37 23 47 7 18 69 42 73 74 0 15 64 50 63 73 22 25 4 13 9 49 71 3 37 83 43 92 29 22 78 27 71 81 41 63 92 85 73 
75 21 65 19 56 38 71 7 21 20 16 58 20 76 56 17 71 63 95 90 21 42 16 80 7 16 18 40 55 86 79 68 56 58 14 79 55 71 55 39 8 13 80 44 45 8 21 38 71 12 32 17 73 1 54 100 81 93 27 72 98 5 75 8 96 35 58 3 33 100 46 66 40 17 88 49 58 11 54 92 96 40 76 80 62 88 9 86 55 22 86 97 75 92 86 47 97 42 84 40 
33 87 22 66 49 16 41 47 78 0 45 82 97 73 97 19 57 40 57 83 48 7 11 20 41 81 54 52 96 95 53 44 76 20 100 14 51 27 84 85 61 78 74 31 72 72 79 13 44 57 6 99 71 5 41 21 92 83 52 21 10 46 51 3 65 100 63 0 96 33 23 8 12 78 69 74 20 13 9 93 74 15 62 94 33 47 100 64 47 15 85 51 2 83 2 14 32 16 37 60 
5 59 56 18 43 35 27 25 75 94 21 55 45 0 59 53 29 21 79 25 17 6 68 70 4 42 21 15 17 33 100 46 65 49 54 93 84 44 53 31 33 25 80 66 61 53 66 28 39 95 16 64 7 69 64 43 95 57 94 63 67 99 43 34 26 62 78 85 35 51 63 70 33 15 10 83 81 5 6 47 69 3 50 92 24 99 30 20 47 28 35 78 77 84 92 28 4 79 9 24 
48 86 64 19 41 97 4 71 60 51 30 50 22 1 39 45 66 81 78 17 96 28 12 98 66 5 99 63 62 51 14 38 65 20 81 29 87 62 87 62 47 32 53 12 99 3 36 57 45 74 84 44 10 0 92 47 34 69 33 57 83 52 84 21 90 97 62 11 2 78 1 57 1 75 64 73 32 33 37 74 31 71 15 71 5 88 81 65 3 72 76 67 80 35 16 17 9 0 92 23 
86 49 25 41 73 91 0 5 63 8 65 94 58 10 34 97 23 70 72 40 40 21 50 79 78 61 42 39 44 47 31 6 94 7 17 62 9 8 2 5 89 88 32 96 48 32 89 81 88 52 49 23 26 79 90 99 80 88 44 46 2 54 39 10 17 21 70 4 29 83 19 30 45 61 49 13 93 53 86 88 43 98 6 0 69 85 7 9 98 99 92 82 53 3 16 24 19 54 84 25 
9 79 1 96 70 60 92 44 1 73 96 4 11 99 43 68 20 62 68 81 23 34 25 12 74 24 31 7 49 94 71 61 52 39 81 76 76 21 44 96 74 28 72 48 57 61 94 7 68 59 38 94 43 29 90 96 42 88 58 66 84 72 79 29 99 26 72 55 16 87 0 74 4 59 28 80 63 14 71 18 81 23 68 58 49 98 58 68 0 48 42 16 15 51 13 11 79 70 16 44 
12 5 99 43 76 8 2 80 88 60 18 57 10 91 29 34 61 58 70 99 49 59 9 22 79 66 28 84 66 26 72 21 77 99 40 4 51 87 71 87 85 38 48 88 28 10 100 48 36 84 43 62 46 64 44 2 41 62 51 12 38 61 2 65 61 90 49 21 68 90 2 81 52 77 79 47 25 15 10 93 66 40 90 82 55 39 86 3 14 25 23 13 18 2 85 38 32 59 62 18 
51 15 9 72 88 39 5 55 70 6 78 63 5 66 70 3 60 60 18 69 61 45 50 18 65 83 47 92 41 72 33 54 66 83 27 60 39 45 15 18 12 42 22 86 3 92 17 44 27 25 69 46 60 13 9 30 7 93 14 86 54 47 2 87 5 69 64 17 100 23 52 21 4 19 7 66 73 85 89 15 95 85 64 37 51 2 42 77 7 72 67 27 6 29 63 50 13 13 39 42 
83 1 16 61 21 20 52 91 20 76 19 88 69 57 19 66 91 14 0 57 35 85 16 70 89 60 87 35 3 100 42 70 86 47 77 36 72 1 74 46 62 90 5 21 86 64 74 81 40 73 98 24 48 60 43 45 57 11 31 6 15 11 8 88 51 15 43 64 88 90 22 38 2 46 85 57 98 29 47 40 90 83 11 60 63 51 2 10 38 58 22 63 87 20 7 62 9 48 85 48 
36 65 32 70 62 7 57 48 25 51 62 36 30 51 87 12 22 22 30 52 12 76 11 81 50 92 1 15 14 53 79 42 29 10 98 46 30 84 16 12 89 80 36 21 65 4 96 23 4 94 100 2 77 75 44 32 2 21 51 16 28 90 49 41 11 88 13 93 26 64 63 31 97 52 84 11 95 66 15 61 7 45 7 31 57 10 42 5 21 99 61 94 14 29 12 11 91 55 51 90 
62 90 19 18 29 1 71 51 24 24 35 24 52 2 22 17 41 54 74 86 84 32 46 7 25 70 45 64 67 83 88 0 58 13 55 31 31 90 25 99 92 61 37 34 56 91 46 58 29 69 43 57 0 87 85 41 24 13 66 3 85 25 96 44 39 21 85 14 35 57 13 28 33 55 81 30 89 25 84 100 21 68 75 12 38 9 77 83 63 34 8 94 81 85 37 38 87 51 64 66 
3 63 94 61 56 85 39 63 28 24 41 86 1 69 50 97 84 52 1 5 49 77 74 95 53 83 52 9 80 13 54 98 84 64 7 50 3 68 95 78 32 68 93 95 51 29 97 35 85 65 93 58 48 51 49 32 88 90 85 23 21 87 83 88 62 83 60 12 87 52 47 22 68 9 20 92 63 33 66 60 89 1 58 19 93 25 4 77 10 44 59 25 34 65 67 46 22 28 67 54 
16 38 99 30 90 26 97 60 86 92 88 7 72 45 81 5 4 61 1 3 18 4 67 82 46 78 69 30 90 41 91 51 51 56 55 20 71 72 16 51 47 79 40 5 88 63 73 47 81 87 45 9 81 31 71 49 67 12 2 26 78 16 74 47 77 1 93 5 48 69 35 11 36 5 48 76 39 11 54 71 44 47 16 35 85 86 0 11 86 13 68 2 19 82 49 54 33 88 94 85 
97 82 80 55 36 73 75 41 12 100 70 36 5 97 96 51 22 79 55 51 85 7 96 2 77 72 5 39 24 22 13 36 20 62 93 74 60 80 40 38 63 26 90 26 49 73 100 0 41 32 16 52 88 45 51 13 31 70 24 21 34 30 27 50 2 28 84 69 53 2 87 100 85 45 22 83 74 8 99 31 68 38 79 65 46 17 36 26 92 94 71 17 31 0 64 19 47 54 3 51 
5 22 6 15 74 4 83 27 82 53 27 29 87 100 46 60 76 96 8 95 86 41 49 87 18 82 41 24 65 37 38 3 8 12 52 92 86 97 56 32 50 81 90 82 5 70 58 95 13 44 80 31 70 13 79 55 9 17 68 65 41 96 76 67 1 3 91 86 7 86 82 25 73 96 87 57 36 73 24 73 69 26 83 40 1 3 43 29 61 39 16 66 68 16 96 37 91 86 48 95 
98 75 11 7 82 37 19 88 28 1 13 95 30 26 63 89 23 46 52 70 47 79 74 79 31 95 34 79 76 96 36 46 58 42 49 50 87 27 88 38 41 99 18 23 38 13 49 61 98 99 33 88 83 65 99 60 63 82 28 20 90 84 3 39 79 97 9 49 50 25 29 50 43 7 53 93 67 6 25 62 98 56 80 58 31 5 4 38 23 94 89 90 88 19 46 26 69 45 2 28 
12 27 70 17 14 88 46 44 0 47 22 13 61 61 7 43 8 48 71 11 64 37 96 28 59 68 81 70 71 62 93 46 30 26 2 57 32 70 50 45 25 91 24 1 38 48 98 11 76 82 26 32 62 63 70 74 33 24 53 30 80 88 94 32 56 34 78 76 7 22 21 19 98 31 57 10 97 37 17 73 70 6 77 41 56 72 64 83 6 100 36 72 72 88 7 48 56 58 31 28 
49 65 75 60 35 64 96 97 69 29 3 88 62 18 65 4 3 25 25 69 41 38 64 35 19 60 76 74 93 26 45 28 49 20 67 73 72 2 34 15 20 81 68 14 87 3 62 59 78 44 21 50 92 60 86 75 88 74 43 48 35 80 42 69 23 79 34 88 70 83 76 14 90 87 67 16 37 25 35 31 97 3 22 6 84 20 31 76 19 76 35 92 15 89 72 0 34 11 36 76 
27 52 62 87 87 45 44 75 80 99 60 20 99 82 78 53 41 81 70 61 51 8 7 95 67 2 1 58 88 69 95 3 98 50 29 3 77 7 43 53 24 55 44 54 50 37 51 30 63 17 49 50 82 97 49 21 92 99 39 40 6 3 65 54 95 12 83 67 95 13 33 21 26 4 93 87 98 13 14 72 8 1 23 17 91 44 24 87 47 97 26 32 61 12 3 16 88 70 61 24 
44 13 92 63 5 10 72 27 45 85 80 38 93 68 25 31 69 78 15 14 78 76 69 65 92 65 63 6 40 6 63 91 86 56 28 82 71 66 99 95 89 92 75 87 77 65 9 51 54 82 3 10 69 9 46 93 4 38 78 9 90 98 28 78 5 96 21 10 13 99 28 50 94 15 65 40 65 69 67 80 61 24 62 22 29 52 38 69 59 36 13 33 15 24 73 44 16 79 79 52 
33 11 29 24 47 2 52 10 68 85 85 33 94 68 84 43 57 75 97 91 27 15 59 0 50 87 19 15 1 20 14 23 100 99 14 29 51 9 40 35 15 56 47 19 67 99 75 2 22 27 15 89 62 33 95 81 84 53 99 43 62 39 37 22 13 40 82 63 49 65 93 77 11 71 72 37 93 70 75 63 92 15 63 75 22 17 12 49 4 3 62 23 69 38 50 33 51 89 97 85 
96 32 28 5 56 43 56 64 67 46 8 11 91 29 25 74 64 91 0 32 15 69 60 95 27 51 85 94 21 35 86 55 53 68 33 48 48 77 3 82 80 54 38 58 65 22 9 49 45 52 33 24 74 65 45 50 50 21 12 0 15 91 60 68 74 67 82 57 31 79 31 65 96 41 42 94 93 56 72 25 86 58 37 8 0 84 84 67 71 43 16 70 33 31 96 58 77 58 98 70 
7 76 27 42 86 100 98 41 82 32 76 63 32 57 6 32 37 44 66 69 85 12 68 58 87 64 57 45 60 45 77 95 93 57 46 11 10 57 0 88 90 27 25 80 86 3 18 52 1 84 15 49 18 100 87 92 27 99 30 30 88 81 67 87 79 37 35 51 25 35 83 65 59 4 76 95 52 73 58 65 82 84 94 33 66 91 36 30 29 35 51 14 85 68 73 46 35 49 20 52 
20 58 86 35 42 23 86 93 81 15 85 89 42 57 85 72 54 91 100 11 58 22 45 75 53 40 76 47 76 75 91 34 19 69 57 35 59 87 84 12 25 33 37 93 13 79 66 30 80 32 18 84 35 34 93 39 3 85 15 69 21 26 78 20 65 60 79 28 33 88 82 25 11 5 24 0 16 25 74 88 60 36 45 50 50 98 8 12 0 7 48 90 93 30 16 57 98 1 5 1 
37 62 22 71 96 19 31 24 30 93 18 51 8 70 32 22 69 70 80 27 48 26 87 39 96 37 37 59 26 44 11 8 8 54 53 6 60 99 61 94 25 59 11 80 93 78 84 22 8 43 74 16 61 55 76 93 87 22 21 99 78 64 75 86 80 33 45 60 6 44 7 90 10 56 11 100 70 95 61 94 58 93 43 100 75 92 90 70 56 66 69 98 75 58 95 21 5 5 15 44 
69 70 7 46 23 27 34 50 79 54 21 100 52 52 78 44 26 27 98 90 56 13 89 60 93 84 89 96 55 35 81 43 84 38 22 44 15 92 53 49 14 29 5 21 62 60 1 71 50 83 69 46 19 89 89 43 56 60 97 19 18 68 68 57 61 52 65 30 93 96 51 63 13 58 50 49 74 69 88 45 54 45 3 20 77 92 78 29 39 65 20 93 83 73 27 89 48 36 18 33 
12 73 53 8 30 77 75 70 90 99 76 72 60 13 98 10 87 75 94 28 92 23 57 76 99 92 2 57 63 61 91 32 39 63 66 100 27 44 16 34 93 43 97 36 75 14 27 83 68 8 18 43 91 64 7 49 61 2 9 8 31 7 28 87 97 1 36 1 66 99 95 99 11 79 20 94 21 97 95 70 32 22 58 51 57 74 26 88 52 48 58 54 13 4 13 100 20 75 82 7 
0 71 76 56 71 89 73 86 62 35 16 86 5 15 59 28 6 96 44 49 76 90 43 58 48 26 86 31 71 86 11 13 83 67 89 55 72 84 62 42 15 4 55 50 8 5 77 68 76 75 26 6 2 34 9 65 60 71 69 5 33 14 36 38 91 6 29 97 43 8 51 0 99 7 19 13 48 98 82 30 66 85 22 21 7 4 35 82 93 78 76 25 57 42 100 34 41 4 36 23 
11 61 48 96 81 6 18 0 43 60 2 100 81 93 49 16 1 27 19 24 37 77 31 57 66 34 22 33 71 16 24 79 3 68 54 26 71 85 5 100 93 53 42 14 55 3 23 100 55 19 78 51 34 92 45 68 4 80 73 100 12 75 79 90 34 30 25 55 28 50 75 40 56 39 35 84 6 92 93 92 36 73 61 62 32 23 74 89 91 14 40 15 53 3 86 80 98 27 92 79 
10 3 50 71 15 57 72 74 22 48 57 67 60 5 70 92 69 2 83 18 43 47 24 50 71 100 85 93 20 93 61 45 10 36 0 100 14 8 83 92 12 99 10 87 100 81 41 92 35 96 19 89 94 73 54 31 36 50 50 7 78 45 15 71 86 96 16 92 18 51 46 10 66 39 95 6 82 8 6 44 90 11 1 51 6 73 33 69 94 6 16 62 13 52 69 24 79 80 47 35 
43 89 54 49 92 94 89 35 97 22 14 36 63 69 26 69 26 54 43 90 68 22 98 53 81 32 38 69 96 90 55 36 35 25 74 43 38 20 55 56 29 33 96 21 4 11 44 89 27 76 47 39 2 26 64 11 34 0 37 38 34 43 31 57 74 51 25 29 36 100 30 58 53 97 12 87 75 51 10 29 100 68 29 67 67 12 57 87 52 46 18 14 28 98 25 16 87 70 19 33 
15 41 85 89 54 15 75 39 20 38 12 97 11 43 14 39 24 85 43 58 31 75 46 29 40 9 7 46 11 0 24 51 90 26 86 47 49 18 29 28 70 59 92 24 7 68 83 87 73 60 2 85 8 17 63 13 53 30 68 66 13 99 13 31 90 94 72 7 84 28 54 47 6 4 34 100 32 30 78 41 50 69 90 21 43 36 41 76 66 7 79 88 90 88 79 64 3 31 46 43 
52 80 80 21 6 18 41 63 11 45 61 85 55 99 51 70 69 73 85 39 86 96 98 61 11 54 49 19 87 29 28 21 32 14 26 27 99 67 34 42 27 31 98 29 30 79 46 81 25 52 28 100 47 51 17 88 18 66 7 72 95 31 27 4 75 39 22 94 49 61 53 54 81 12 20 47 46 72 29 61 77 57 27 49 46 51 100 63 72 85 86 97 5 77 59 6 100 43 44 29 
59 100 39 97 74 55 64 7 62 47 48 32 12 1 7 62 58 24 46 69 39 44 92 76 39 97 79 42 66 15 22 71 80 38 12 2 16 1 82 15 28 45 61 86 9 3 2 79 23 79 85 44 39 5 98 54 70 50 31 89 92 58 11 49 90 31 49 35 17 81 100 41 69 3 49 51 28 9 9 83 84 10 87 38 78 52 74 13 29 67 74 59 41 88 80 22 64 87 83 30 
10 34 20 13 70 75 73 19 79 47 34 25 31 66 43 39 91 49 52 32 61 15 77 40 44 19 7 94 28 53 84 59 13 37 59 25 1 57 18 57 42 77 63 36 40 1 47 4 79 34 65 52 33 81 13 70 91 100 70 73 30 59 45 77 44 5 34 44 20 51 46 70 71 77 23 95 13 51 73 29 59 70 14 54 66 1 96 30 69 40 67 73 62 4 19 44 24 93 8 26 
13 62 6 8 82 76 27 51 81 67 30 38 90 46 87 43 53 16 85 25 22 99 7 19 33 42 26 32 0 17 12 0 95 98 66 81 59 64 100 45 88 51 20 34 33 39 36 76 58 100 28 38 34 62 34 85 46 86 67 59 77 8 43 2 19 29 37 71 42 64 61 36 44 94 54 43 53 70 93 2 68 90 60 96 68 59 77 16 34 21 54 72 3 87 70 44 28 49 59 41 
55 57 47 60 37 100 41 4 96 86 70 40 89 25 7 74 53 29 20 40 94 93 50 89 52 87 3 62 74 88 63 42 16 82 76 73 49 52 45 3 13 42 47 64 68 32 87 37 25 9 87 45 95 96 73 89 0 62 23 18 57 63 80 90 49 8 33 19 63 54 86 81 62 45 57 2 8 67 62 60 61 50 25 45 78 35 72 79 36 36 2 8 39 49 75 30 49 35 35 61 
36 77 44 3 73 11 82 47 22 85 64 23 46 3 22 30 48 58 59 94 89 13 41 20 28 9 100 88 56 7 38 90 47 73 28 96 9 49 86 12 69 41 62 93 24 52 66 37 4 6 4 19 67 50 48 44 40 99 22 77 16 76 18 28 28 35 21 36 17 43 86 12 13 64 17 77 55 36 45 58 18 33 60 60 6 60 29 64 4 85 6 12 26 66 41 49 58 38 60 43 
62 1 80 60 82 57 39 27 5 2 14 92 4 52 5 55 57 36 71 18 39 1 34 19 75 57 84 6 23 76 32 47 61 43 76 29 44 24 11 63 55 98 60 45 25 71 78 42 66 45 10 15 39 84 87 67 41 44 95 87 70 53 29 37 6 0 6 74 20 55 81 17 5 58 21 65 29 86 69 17 97 5 31 86 67 40 74 92 10 10 3 6 39 100 39 52 91 85 50 20 
80 93 42 61 92 96 60 5 33 29 98 52 15 62 64 43 50 38 79 31 59 45 28 24 44 31 7 75 19 45 71 21 52 4 96 24 12 63 94 44 41 84 72 27 60 78 34 7 76 50 83 78 17 86 6 65 88 71 23 67 59 32 52 5 72 53 27 79 94 13 65 44 15 60 54 39 21 35 58 93 54 26 16 77 30 36 10 73 6 41 60 79 35 74 17 87 88 53 88 97 
88 96 52 81 54 84 79 97 30 4 50 81 98 61 49 36 97 76 94 81 77 83 78 35 61 31 6 41 40 66 61 25 79 69 95 39 8 5 16 38 93 18 61 12 44 70 57 96 46 6 32 49 13 40 21 6 2 6 30 24 4 16 44 97 67 62 78 85 0 70 24 92 7 68 9 83 25 8 89 53 20 49 24 48 18 91 58 77 11 92 77 0 94 26 59 96 1 90 12 44 
37 37 16 30 5 29 63 23 73 38 55 88 91 13 50 17 6 81 19 66 82 17 89 90 47 49 36 9 8 26 84 48 5 14 55 71 28 36 87 60 32 66 14 33 96 16 80 32 1 1 96 46 73 93 54 5 34 2 33 62 21 57 88 74 61 98 0 21 89 45 77 24 23 22 44 71 52 55 94 70 79 42 57 74 88 85 21 71 60 6 33 68 84 14 6 75 59 57 31 83 
15 98 55 67 93 81 68 27 21 46 64 69 45 44 6 32 71 46 63 99 47 31 13 87 35 89 34 64 6 81 10 2 63 93 88 20 86 90 49 56 88 26 34 9 86 56 33 45 81 53 12 96 12 41 91 40 18 27 57 72 63 75 80 99 76 58 89 13 92 70 96 30 3 59 51 63 20 87 83 58 100 46 69 32 83 42 52 78 24 34 69 4 74 23 65 68 31 76 24 86 
94 100 17 76 11 82 56 67 95 56 18 44 73 73 67 100 40 71 68 45 96 94 35 84 9 55 29 62 29 99 93 40 58 71 86 24 16 40 17 87 79 23 90 1 47 11 26 78 29 75 66 47 11 58 87 82 47 63 26 53 47 34 30 56 94 54 13 3 95 55 80 46 17 55 59 7 25 12 51 42 17 73 50 42 93 12 47 1 100 81 100 12 68 4 96 43 54 89 94 55 
32 95 62 23 58 78 8 69 44 72 22 66 37 30 45 43 91 49 13 2 42 77 27 66 26 57 80 53 42 95 26 71 62 97 80 20 84 34 5 14 79 33 76 39 51 95 58 86 34 71 98 88 82 2 50 23 8 86 21 1 10 61 41 65 11 44 13 72 18 13 13 29 92 24 43 60 87 93 38 17 54 83 13 88 25 52 10 63 25 39 12 74 75 46 88 28 76 18 95 66 
57 95 90 88 84 15 48 96 92 52 18 7 64 95 46 60 100 6 70 49 69 5 61 51 60 59 15 38 95 32 20 53 16 72 31 60 55 83 61 76 15 30 53 92 12 6 90 40 17 24 80 35 12 93 81 67 8 20 76 37 18 74 52 95 49 48 79 55 27 86 62 51 74 4 13 61 99 9 89 15 22 27 52 58 74 40 52 13 7 16 78 67 65 34 79 43 58 34 93 99 
7 94 84 10 80 50 38 81 78 81 99 52 18 89 34 16 38 39 60 2 32 84 93 31 93 93 47 95 32 77 59 89 49 23 9 2 5 15 26 27 74 36 45 86 3 30 20 51 32 29 37 63 53 50 76 91 74 85 72 67 75 76 86 97 72 31 69 72 16 55 15 84 83 64 77 98 62 96 66 53 34 29 49 93 17 32 30 19 54 54 87 72 12 41 32 30 69 7 96 52 
26 31 39 29 55 91 55 78 55 61 27 3 27 24 48 75 70 51 95 50 90 99 25 81 62 27 91 39 100 41 77 51 56 20 19 47 75 45 50 100 72 67 15 19 10 99 69 34 82 34 90 93 14 87 46 88 32 27 16 92 9 1 94 45 52 40 99 22 47 72 44 87 41 96 13 8 9 99 92 47 22 8 75 19 21 66 69 47 91 5 85 3 4 53 38 95 11 55 53 70 
40 63 33 97 81 80 9 22 36 25 66 80 45 20 14 32 35 90 89 34 6 26 17 59 56 12 54 51 38 96 93 53 83 81 89 19 63 69 15 59 58 34 20 50 36 21 89 61 71 84 86 59 50 70 84 41 43 93 100 57 58 3 17 94 42 59 31 71 41 89 1 39 23 48 59 85 35 20 82 62 64 24 43 18 99 60 5 11 82 56 77 46 92 47 64 72 77 3 99 92 
43 81 84 13 51 25 72 61 57 21 89 0 73 59 66 44 0 5 0 96 39 19 32 18 79 52 22 46 6 100 33 33 37 36 79 96 68 75 32 62 94 89 37 34 25 66 0 50 71 34 41 47 2 63 32 93 84 40 92 35 32 5 79 7 63 43 28 58 94 51 68 42 50 21 53 19 87 67 41 60 45 81 49 93 76 99 46 89 70 30 31 82 21 62 2 84 80 38 86 32 
75 65 38 72 18 12 2 99 27 29 58 61 18 54 69 53 98 20 90 12 67 12 65 94 2 40 16 11 85 7 16 98 16 3 14 94 56 1 35 98 6 58 58 48 74 6 100 16 70 47 90 41 69 95 80 3 72 67 8 54 77 3 29 18 97 14 15 43 58 2 86 3 80 6 28 15 73 79 59 79 13 0 41 88 13 59 40 96 92 99 53 48 20 52 26 15 63 11 48 49 
49 56 87 0 62 74 33 4 53 45 28 56 93 96 72 26 15 36 29 100 100 16 3 30 75 62 14 1 78 24 22 96 7 27 22 98 84 96 45 100 85 81 44 30 45 52 3 69 87 69 98 12 92 9 39 90 26 39 26 72 50 45 84 94 1 8 90 40 80 70 55 94 79 77 66 80 85 4 92 30 92 18 37 61 37 3 37 9 38 13 92 83 56 60 15 62 64 15 26 81 
66 48 29 34 76 71 76 53 87 65 60 90 97 80 63 37 13 18 5 51 80 51 60 94 48 73 22 13 78 56 40 30 23 59 100 81 2 89 23 23 94 12 86 66 7 59 26 39 56 37 12 12 96 51 1 21 16 56 66 32 68 94 77 48 44 25 68 10 11 46 50 42 74 15 79 52 2 28 40 31 20 29 76 72 86 68 12 26 72 99 97 75 37 22 9 98 14 96 27 37 
85 70 88 0 20 9 40 94 64 97 42 42 82 66 41 8 16 71 68 19 33 96 16 99 59 5 88 28 18 56 61 48 39 77 85 89 40 13 93 44 78 64 68 18 39 38 48 37 96 86 0 57 5 96 97 98 88 18 80 26 52 55 91 91 91 26 6 7 40 32 45 70 15 86 41 23 67 51 77 79 15 52 10 55 8 63 43 81 34 56 68 7 66 72 41 0 33 16 62 65 
0 55 72 83 24 23 22 23 40 86 43 81 54 32 54 1 4 52 58 48 38 38 29 68 84 90 17 35 12 58 12 46 44 2 88 77 32 29 67 0 95 51 47 4 17 96 10 61 46 41 62 24 41 25 88 23 61 0 42 3 2 48 72 39 41 86 89 73 64 21 31 91 1 48 36 46 46 29 19 30 71 58 45 20 13 92 11 79 1 43 96 52 20 41 22 89 71 59 42 51 
100 68 28 44 89 26 74 93 81 42 93 48 50 20 50 36 39 10 59 24 87 92 79 22 56 16 26 60 41 70 37 60 30 94 62 82 81 72 86 79 96 35 29 51 63 92 78 30 86 29 3 76 64 77 6 37 22 67 79 90 95 51 57 57 94 37 84 48 94 48 81 97 27 26 23 79 26 90 28 49 39 61 44 7 71 82 36 82 17 77 44 29 1 24 90 57 71 85 41 96 
22 3 41 58 94 30 6 68 72 48 28 82 94 48 65 1 89 10 65 46 61 40 3 92 20 44 21 6 71 76 69 93 71 46 83 21 35 48 78 76 37 64 82 27 83 61 83 2 32 81 40 54 19 43 10 86 22 20 33 58 94 60 39 57 62 78 45 12 100 95 55 25 39 82 63 52 85 100 32 71 32 7 94 72 82 5 43 50 73 10 19 31 63 94 20 45 80 41 45 34 
51 71 65 29 69 67 91 78 96 8 31 90 41 6 39 98 12 73 34 77 56 77 26 83 36 88 30 29 76 80 39 79 60 62 83 48 50 88 14 81 72 31 65 0 72 53 95 88 77 7 67 68 76 84 89 9 55 23 61 11 1 5 28 63 67 93 17 91 7 33 31 96 59 100 9 33 15 31 95 69 87 45 87 35 20 74 100 21 78 32 76 16 24 24 58 85 84 58 48 80 
8 7 57 80 92 53 15 79 83 43 46 4 36 4 60 84 32 93 48 62 41 12 54 94 44 97 22 68 40 76 80 22 34 10 24 29 16 90 39 27 96 97 80 67 28 1 34 92 26 100 28 95 80 97 41 48 77 77 66 19 61 46 90 96 19 97 69 5 55 92 18 32 66 5 95 67 40 92 14 54 54 11 89 88 2 44 78 63 87 52 49 24 97 27 8 91 76 85 31 54 
33 70 77 75 46 56 96 36 74 71 57 46 55 56 61 14 7 47 0 58 95 56 77 27 89 52 36 50 35 72 58 3 6 3 69 5 49 37 8 18 75 95 40 78 38 27 85 39 88 40 27 84 61 83 25 70 60 11 17 100 24 2 4 22 70 91 26 7 98 74 17 45 16 74 41 61 49 3 59 27 98 60 60 93 86 12 90 33 62 24 69 92 35 73 64 49 62 45 43 94 
22 50 17 9 74 47 1 16 58 79 55 98 59 28 65 98 21 9 90 32 97 96 82 29 21 50 69 70 42 52 5 37 42 82 49 40 65 71 66 74 75 16 39 11 81 25 33 23 46 9 34 96 93 74 2 46 62 64 43 74 51 41 82 88 85 0 86 22 36 23 75 69 16 16 84 60 36 24 96 99 84 43 52 59 65 99 59 18 29 41 71 0 34 80 7 14 7 93 88 5 
77 96 2 65 38 96 31 23 39 83 59 32 36 51 91 56 29 55 68 8 41 67 30 43 50 55 82 8 1 21 59 76 75 3 82 63 23 96 56 85 79 61 61 24 50 27 23 76 82 50 75 5 94 66 9 82 36 85 64 34 37 44 98 47 74 80 100 17 67 61 95 86 49 67 48 98 48 79 54 1 86 68 93 100 4 10 34 59 5 46 13 94 79 93 36 76 74 22 46 98 
82 23 27 55 37 73 73 41 75 84 80 13 1 60 90 24 18 54 52 30 27 31 6 96 73 54 8 41 77 66 46 90 57 30 68 7 53 42 59 21 48 95 55 64 18 4 6 40 21 54 43 7 33 25 50 93 100 62 16 26 26 100 71 70 16 71 12 45 0 21 59 10 8 17 68 29 79 5 98 75 75 87 43 95 60 4 96 51 48 22 93 93 96 84 60 54 76 95 68 70 
73 88 6 57 56 29 38 32 12 93 39 8 69 79 87 85 96 58 31 35 3 3 96 9 19 61 88 75 46 23 30 15 87 96 74 0 82 37 78 63 87 40 5 88 87 54 2 12 10 1 77 63 93 93 14 68 64 90 54 6 6 78 39 75 20 91 64 5 22 49 21 19 78 33 24 12 25 91 30 10 61 28 63 80 6 85 37 39 51 80 65 38 87 35 84 84 4 18 4 79 
94 34 26 91 16 51 27 47 4 90 53 91 63 74 0 7 85 91 34 6 62 80 44 100 82 10 53 26 94 64 23 94 93 91 9 17 19 0 15 26 89 92 50 67 65 65 85 55 53 29 78 25 47 30 1 17 26 7 57 16 54 5 2 37 66 23 44 56 15 33 96 84 26 87 65 81 41 93 66 51 55 64 23 10 93 97 74 25 44 84 38 71 72 22 87 28 13 100 59 0 
53 100 76 74 57 67 58 12 64 4 25 1 77 67 4 15 89 34 30 66 67 91 8 88 47 9 91 78 34 39 76 93 84 11 37 45 83 100 98 83 99 18 13 66 66 53 87 4 100 42 47 92 98 21 93 29 20 51 99 84 5 22 37 64 69 13 68 86 60 57 38 16 62 0 28 15 87 23 93 85 37 55 23 34 34 31 6 53 84 58 62 48 95 81 88 56 23 47 30 93 
100 65 13 93 3 82 90 3 18 54 47 39 64 16 63 50 58 12 49 66 56 1 19 49 1 95 97 84 63 80 13 23 20 28 35 39 4 26 54 78 81 35 75 38 98 77 46 85 47 61 27 73 32 30 49 9 11 93 73 69 78 51 19 76 92 10 39 35 48 31 75 29 14 83 59 63 77 39 30 59 35 93 17 23 80 3 37 61 59 28 27 11 20 3 62 92 77 35 90 40 
20 73 30 72 79 15 72 15 68 40 61 4 10 79 67 32 63 24 92 87 74 57 11 73 79 56 51 61 9 94 32 31 61 90 30 84 96 39 61 12 64 68 68 43 53 24 87 14 26 2 11 49 11 32 18 49 9 23 17 98 65 38 82 25 68 31 89 44 96 32 67 5 72 63 11 32 48 80 63 72 81 63 4 7 57 8 63 39 98 24 56 90 68 42 98 29 98 46 26 99 
3 9 76 73 96 24 32 85 75 65 39 11 64 51 78 96 31 72 35 71 5 57 80 23 77 54 51 81 73 45 85 39 0 49 77 70 5 66 37 18 1 76 90 69 63 64 5 44 34 53 4 79 9 24 77 23 57 58 25 31 77 78 10 98 66 52 24 52 24 13 88 57 10 82 72 69 46 90 4 9 48 16 88 45 35 77 95 61 25 58 6 44 61 60 51 54 75 73 50 41 
58 11 9 8 53 0 38 6 7 44 66 81 31 76 36 61 89 83 68 19 23 17 35 64 95 44 72 58 76 62 57 56 29 54 58 87 30 63 62 100 95 76 52 37 59 30 49 72 30 37 90 71 44 89 72 93 83 30 69 97 51 48 91 87 79 10 90 44 9 87 96 52 23 94 38 77 81 68 62 65 22 94 43 75 68 2 81 13 34 31 81 21 7 36 86 17 25 41 41 63 
7 28 46 21 78 97 76 86 67 60 14 33 65 25 27 38 81 16 17 69 56 19 85 12 14 1 33 95 84 36 20 66 89 70 28 87 41 23 65 4 2 73 94 98 13 99 69 6 89 49 8 56 61 14 18 40 62 36 28 23 71 57 36 98 77 17 28 56 80 55 62 81 92 21 60 17 13 32 65 71 66 60 18 59 63 25 86 92 72 55 3 11 25 89 97 31 36 26 73 72 
87 7 13 47 11 78 50 17 99 13 13 93 92 74 26 25 99 46 74 89 2 81 86 5 14 66 22 69 53 69 20 78 75 89 87 47 67 25 48 53 76 62 33 52 59 62 67 84 18 94 50 24 88 94 41 53 75 69 41 76 45 0 29 65 39 29 80 34 92 80 64 4 80 80 61 10 11 86 50 41 19 53 11 22 80 24 37 67 51 81 99 6 71 96 24 21 65 2 15 76 
8 20 61 13 73 11 56 84 51 37 80 11 47 13 13 17 12 25 69 44 70 85 10 95 7 36 6 44 4 25 41 64 74 20 63 62 70 91 4 23 89 55 21 1 14 68 36 15 39 63 27 41 84 58 80 33 26 8 69 51 39 88 40 63 20 86 90 39 63 54 50 16 22 55 21 63 43 38 53 20 27 33 18 88 87 27 16 95 86 32 73 55 29 46 85 9 66 29 61 80 
83 9 41 70 6 29 90 91 1 69 13 2 43 79 21 73 46 85 21 76 51 93 37 17 69 0 24 56 37 51 25 63 82 15 5 78 22 3 46 20 21 58 51 55 95 39 26 28 72 82 12 47 78 42 82 67 26 82 87 48 56 14 60 82 41 51 55 79 99 68 54 70 13 32 78 65 87 72 69 58 81 72 100 20 76 13 55 87 38 77 64 64 13 70 19 66 85 5 4 50 
22 51 38 9 69 73 37 68 23 79 59 44 98 56 43 57 76 85 26 36 7 39 13 62 19 94 34 69 47 81 63 33 60 14 74 83 44 39 33 74 0 76 55 68 34 49 82 91 97 27 86 80 62 25 65 59 23 66 79 19 61 32 70 99 3 68 85 33 63 70 66 37 70 7 22 25 76 93 19 15 73 17 56 5 45 48 94 17 35 42 42 62 69 16 58 44 65 31 96 94 
84 0 29 69 82 14 4 22 85 48 3 62 0 38 27 95 75 11 16 74 5 72 37 41 47 86 45 64 94 21 19 35 17 73 58 36 96 76 56 97 27 73 93 50 66 13 36 3 5 4 62 88 84 0 52 31 45 53 75 89 15 9 66 17 22 79 70 66 12 44 42 57 1 23 28 72 68 12 33 91 96 93 71 85 93 83 6 31 75 89 53 63 21 37 9 5 35 71 90 19 
5 28 42 71 68 72 92 0 87 19 68 78 0 92 62 46 20 25 90 50 81 88 40 80 8 66 56 77 83 3 98 39 98 54 73 35 1 9 15 68 70 62 12 56 6 97 54 26 8 98 85 3 39 87 25 62 14 18 16 21 59 81 36 33 47 94 5 3 24 8 84 57 58 8 17 69 32 50 53 98 48 32 57 28 70 80 31 8 52 61 73 34 58 51 90 32 46 51 85 99 
72 80 63 73 56 70 21 72 65 26 58 72 42 99 3 94 41 84 96 79 21 52 48 94 87 0 9 31 56 9 13 70 5 92 34 86 52 73 51 20 80 9 23 50 89 91 82 80 58 86 20 18 24 72 59 31 76 69 31 65 77 93 80 100 27 100 43 44 51 99 50 81 42 24 53 77 54 25 25 78 98 78 24 65 6 94 45 12 16 39 74 7 48 19 49 62 88 6 28 85 
20 52 21 81 57 27 43 20 40 49 86 42 13 45 11 72 72 59 26 2 18 58 71 19 50 40 79 46 12 41 52 23 64 47 81 49 85 80 44 26 75 18 10 93 33 92 93 85 65 84 35 5 66 60 71 20 67 76 36 96 0 86 85 45 81 20 51 29 60 34 76 7 80 27 36 28 2 48 24 57 49 64 59 94 89 51 95 33 36 30 74 13 41 34 60 25 52 51 39 9 
99 47 50 14 31 26 29 39 3 84 34 57 78 61 28 44 29 16 75 86 62 33 14 100 77 90 24 81 42 21 24 27 51 10 18 60 2 22 33 53 39 57 26 75 90 65 88 77 89 22 35 88 22 37 28 18 6 79 69 96 63 44 61 89 4 48 37 50 20 55 53 73 8 6 43 13 39 85 26 54 21 39 53 0 38 33 37 87 32 74 20 58 7 55 9 57 14 85 16 66 
75 9 25 59 8 29 81 14 17 20 96 11 7 96 92 19 62 48 39 42 39 35 89 8 35 10 17 55 26 40 20 91 14 85 84 31 6 85 4 85 50 35 59 88 19 25 47 18 37 51 70 4 33 30 20 95 87 12 3 42 55 55 23 56 59 18 9 64 91 95 11 13 18 90 11 57 40 77 59 91 16 33 78 17 97 98 39 58 82 78 96 13 89 34 14 61 17 15 96 92 
71 6 94 49 37 90 15 58 16 38 43 3 77 69 84 82 27 67 91 75 31 84 3 54 65 66 46 47 73 19 67 91 78 31 20 6 41 83 46 20 25 74 93 64 38 75 73 50 17 13 64 1 75 22 31 82 29 15 65 39 69 25 2 57 70 3 76 28 95 56 1 95 74 71 36 43 54 49 92 97 12 76 1 21 94 15 81 96 64 0 53 54 88 29 10 84 31 77 65 97 
99 6 87 84 34 89 2 77 25 97 19 54 12 40 98 25 95 12 17 8 73 62 87 11 31 83 79 69 100 63 24 98 35 62 86 69 36 44 48 22 62 98 94 86 72 42 6 71 34 56 41 54 85 47 65 31 21 18 43 48 2 60 59 63 87 85 89 20 50 36 37 74 81 77 61 21 57 66 66 35 30 61 77 14 40 68 51 66 90 40 69 76 10 63 6 40 20 59 93 11 
39 41 20 96 53 26 43 8 43 34 69 92 63 50 74 20 93 28 67 96 75 5 97 22 69 23 80 69 25 53 20 28 79 73 94 57 38 74 33 31 33 19 62 17 26 49 98 68 20 77 13 41 70 70 8 12 94 44 28 95 81 88 51 20 16 29 95 78 82 91 8 2 46 57 57 78 60 57 50 81 54 66 17 98 85 58 29 78 85 92 56 34 97 38 55 92 34 60 55 97 
77 32 70 1 12 25 39 94 42 26 92 17 5 25 55 67 0 78 79 44 73 50 66 71 28 73 43 24 21 71 58 82 98 71 18 22 14 60 15 88 74 3 4 11 11 56 39 13 95 32 26 22 95 19 78 29 30 63 0 60 11 58 29 39 89 12 64 25 63 53 71 95 92 5 67 99 10 54 19 34 59 27 68 84 59 25 4 46 28 98 43 0 42 45 1 28 45 80 64 15 
54 92 39 10 55 91 60 72 33 41 81 90 17 40 68 33 52 1 45 70 81 67 56 35 31 74 78 12 23 66 32 67 8 33 82 25 84 69 98 3 30 97 86 43 84 70 77 59 74 3 95 28 80 81 76 85 13 72 4 20 81 99 97 44 93 1 8 53 65 44 51 84 45 97 68 89 97 16 15 48 76 26 63 17 62 36 81 68 75 2 10 16 37 4 28 81 0 60 32 11 
98 27 88 78 74 62 67 23 28 3 86 57 94 93 66 6 46 4 5 56 81 37 19 78 92 86 29 90 27 89 64 87 88 40 30 34 35 7 43 46 77 97 16 43 96 7 57 89 69 21 57 67 20 46 60 82 80 74 96 40 23 41 98 32 96 73 23 69 40 41 67 92 22 32 81 23 14 83 12 37 84 64 64 54 88 59 16 73 26 46 76 49 5 19 23 10 45 13 1 85 
90 68 46 100 21 7 4 84 51 36 89 3 14 30 18 3 7 52 81 24 77 60 13 99 22 45 76 17 64 37 22 67 26 43 22 83 65 48 48 64 46 25 3 58 22 26 5 79 95 82 41 44 84 4 12 68 9 10 55 79 77 13 36 39 42 94 79 22 93 96 60 26 83 24 89 12 97 91 91 75 40 86 31 61 67 55 20 94 49 76 91 87 3 33 74 81 49 29 26 86 
72 81 43 15 95 43 38 78 12 35 24 32 19 42 51 21 54 0 69 84 67 24 34 36 20 34 61 57 24 68 42 31 0 24 9 45 37 81 73 36 53 94 100 51 21 4 38 96 90 68 94 6 20 22 18 44 73 96 56 98 14 42 44 57 55 62 33 33 56 2 42 53 88 31 99 29 3 95 35 92 15 96 28 80 70 66 33 44 98 89 53 69 98 94 37 18 41 96 91 92 
