96 86 47 32 14 82 61 78 6 57 90 68 42 90 53 72 27 65 18 63 21 33 14 54 34 47 68 95 35 4 77 90 56 81 40 97 76 65 69 36 26 15 35 99 14 12 79 65 5 93
68 49 64 54 43 24 92 7 21 70 41 80 99 70 6 7 51 90 65 84 58 69 73 5 57 95 1 95 30 67 29 7 8 63 93 35 82 60 25 57 55 48 100 51 97 93 38 10 57 6 
87 4 30 48 22 16 85 71 28 61 80 41 79 63 47 79 24 3 86 59 35 50 3 73 36 68 33 78 87 92 26 25 93 21 53 9 57 2 67 24 48 15 54 16 65 10 28 71 48 63 
65 7 95 98 7 6 79 86 67 29 64 100 15 28 82 57 36 61 6 44 10 56 20 55 14 38 76 31 1 20 40 66 43 74 16 83 14 69 8 55 95 77 80 53 20 1 87 19 21 5 
98 87 23 98 88 8 53 93 83 68 49 31 83 9 61 21 20 7 11 91 75 69 86 77 46 96 93 58 68 53 61 88 83 58 91 94 82 65 0 74 49 87 79 45 72 33 6 50 66 73 
94 23 27 22 84 59 51 13 70 3 37 37 2 99 17 69 5 25 95 98 50 59 72 27 83 6 87 78 78 60 24 58 49 70 94 64 14 12 29 24 94 89 2 88 87 44 77 84 5 32 
80 22 19 61 37 36 56 16 88 54 86 7 51 46 10 44 1 64 12 63 4 71 30 33 86 77 26 15 50 30 8 82 35 40 60 56 3 93 36 1 81 87 93 72 25 86 53 54 35 16 
96 68 35 67 83 21 65 35 44 9 88 58 6 66 14 5 8 35 53 88 72 54 3 9 90 53 22 77 26 58 0 2 65 90 61 22 33 37 39 8 27 95 8 31 37 85 99 64 50 55 
14 37 42 49 49 61 4 17 75 95 52 58 22 51 69 73 14 72 6 56 91 88 81 45 59 48 25 63 53 21 42 83 0 74 6 18 59 2 23 61 39 64 27 23 96 92 36 98 29 20 
54 38 31 5 19 29 87 98 75 1 74 27 47 4 87 96 89 40 6 31 52 84 26 4 1 65 69 35 10 47 71 86 75 70 74 72 78 41 85 99 97 95 55 45 89 60 51 60 28 79 
56 54 55 47 39 92 40 17 35 48 74 18 85 13 51 68 66 0 53 48 81 51 2 14 65 62 76 95 67 53 42 9 34 40 38 14 13 51 48 42 26 54 58 18 56 7 79 20 96 74 
42 41 72 37 92 41 31 58 42 64 56 36 11 26 34 23 82 24 79 63 86 100 31 48 11 91 36 11 65 79 81 19 17 86 96 75 16 7 100 14 27 81 44 25 36 5 21 75 67 97 
35 5 85 53 38 70 16 78 15 8 43 2 73 37 92 38 80 22 85 68 1 96 98 60 14 50 18 40 68 96 6 62 83 8 23 13 70 2 13 58 86 53 59 73 60 25 37 23 41 19 
4 68 76 90 64 17 77 20 96 74 94 26 88 99 40 51 56 59 86 7 93 18 20 10 36 83 33 91 19 20 80 47 0 8 13 49 3 61 97 79 62 50 99 5 50 84 10 80 93 92 
27 100 51 78 15 49 66 48 14 95 85 68 16 89 52 76 2 82 73 28 57 94 57 76 89 40 57 89 95 79 12 73 30 81 57 29 78 65 63 21 86 97 16 96 95 51 72 96 42 100 
97 44 77 25 7 0 41 84 23 31 49 60 37 37 3 2 23 66 63 9 93 58 30 51 35 23 26 85 6 31 70 26 37 47 81 73 35 63 96 90 53 90 81 96 97 70 80 15 25 64 
30 74 100 94 0 50 97 71 22 71 96 69 35 49 4 99 44 46 21 9 54 73 82 45 43 93 8 4 11 73 46 5 89 22 21 61 33 55 67 4 77 9 83 86 86 20 44 17 85 1 
52 45 5 93 36 22 21 48 91 3 62 22 49 79 23 86 33 22 18 74 74 32 14 62 90 85 78 37 39 22 55 91 52 87 89 57 37 17 56 57 39 54 11 86 76 91 81 93 60 6 
87 38 51 8 53 95 80 87 67 37 86 65 80 40 24 47 18 57 52 71 28 2 91 21 76 50 38 83 62 26 39 83 79 67 42 6 83 0 31 90 26 37 71 43 63 19 54 9 48 44 
90 53 17 37 48 75 56 39 80 51 7 30 98 38 60 34 1 35 23 85 51 54 25 85 83 23 57 93 3 54 16 14 71 85 44 67 16 93 53 50 79 3 91 74 20 53 99 30 3 72 
41 40 6 28 48 30 54 81 88 87 76 75 65 63 90 24 41 6 30 100 89 49 70 10 7 39 96 71 73 43 63 69 2 34 74 14 75 84 88 36 63 58 90 46 25 88 2 20 72 13 
20 52 82 29 53 76 69 61 56 70 65 6 37 23 47 7 18 69 42 73 74 0 15 64 50 63 73 22 25 4 13 9 49 71 3 37 83 43 92 29 22 78 27 71 81 41 63 92 85 73 
75 21 65 19 56 38 71 7 21 20 16 58 20 76 56 17 71 63 95 90 21 42 16 80 7 16 18 40 55 86 79 68 56 58 14 79 55 71 55 39 8 13 80 44 45 8 21 38 71 12 
32 17 73 1 54 100 81 93 27 72 98 5 75 8 96 35 58 3 33 100 46 66 40 17 88 49 58 11 54 92 96 40 76 80 62 88 9 86 55 22 86 97 75 92 86 47 97 42 84 40 
33 87 22 66 49 16 41 47 78 0 45 82 97 73 97 19 57 40 57 83 48 7 11 20 41 81 54 52 96 95 53 44 76 20 100 14 51 27 84 85 61 78 74 31 72 72 79 13 44 57 
6 99 71 5 41 21 92 83 52 21 10 46 51 3 65 100 63 0 96 33 23 8 12 78 69 74 20 13 9 93 74 15 62 94 33 47 100 64 47 15 85 51 2 83 2 14 32 16 37 60 
5 59 56 18 43 35 27 25 75 94 21 55 45 0 59 53 29 21 79 25 17 6 68 70 4 42 21 15 17 33 100 46 65 49 54 93 84 44 53 31 33 25 80 66 61 53 66 28 39 95 
16 64 7 69 64 43 95 57 94 63 67 99 43 34 26 62 78 85 35 51 63 70 33 15 10 83 81 5 6 47 69 3 50 92 24 99 30 20 47 28 35 78 77 84 92 28 4 79 9 24 
48 86 64 19 41 97 4 71 60 51 30 50 22 1 39 45 66 81 78 17 96 28 12 98 66 5 99 63 62 51 14 38 65 20 81 29 87 62 87 62 47 32 53 12 99 3 36 57 45 74 
84 44 10 0 92 47 34 69 33 57 83 52 84 21 90 97 62 11 2 78 1 57 1 75 64 73 32 33 37 74 31 71 15 71 5 88 81 65 3 72 76 67 80 35 16 17 9 0 92 23 
86 49 25 41 73 91 0 5 63 8 65 94 58 10 34 97 23 70 72 40 40 21 50 79 78 61 42 39 44 47 31 6 94 7 17 62 9 8 2 5 89 88 32 96 48 32 89 81 88 52 
49 23 26 79 90 99 80 88 44 46 2 54 39 10 17 21 70 4 29 83 19 30 45 61 49 13 93 53 86 88 43 98 6 0 69 85 7 9 98 99 92 82 53 3 16 24 19 54 84 25 
9 79 1 96 70 60 92 44 1 73 96 4 11 99 43 68 20 62 68 81 23 34 25 12 74 24 31 7 49 94 71 61 52 39 81 76 76 21 44 96 74 28 72 48 57 61 94 7 68 59 
38 94 43 29 90 96 42 88 58 66 84 72 79 29 99 26 72 55 16 87 0 74 4 59 28 80 63 14 71 18 81 23 68 58 49 98 58 68 0 48 42 16 15 51 13 11 79 70 16 44 
12 5 99 43 76 8 2 80 88 60 18 57 10 91 29 34 61 58 70 99 49 59 9 22 79 66 28 84 66 26 72 21 77 99 40 4 51 87 71 87 85 38 48 88 28 10 100 48 36 84 
43 62 46 64 44 2 41 62 51 12 38 61 2 65 61 90 49 21 68 90 2 81 52 77 79 47 25 15 10 93 66 40 90 82 55 39 86 3 14 25 23 13 18 2 85 38 32 59 62 18 
51 15 9 72 88 39 5 55 70 6 78 63 5 66 70 3 60 60 18 69 61 45 50 18 65 83 47 92 41 72 33 54 66 83 27 60 39 45 15 18 12 42 22 86 3 92 17 44 27 25 
69 46 60 13 9 30 7 93 14 86 54 47 2 87 5 69 64 17 100 23 52 21 4 19 7 66 73 85 89 15 95 85 64 37 51 2 42 77 7 72 67 27 6 29 63 50 13 13 39 42 
83 1 16 61 21 20 52 91 20 76 19 88 69 57 19 66 91 14 0 57 35 85 16 70 89 60 87 35 3 100 42 70 86 47 77 36 72 1 74 46 62 90 5 21 86 64 74 81 40 73 
98 24 48 60 43 45 57 11 31 6 15 11 8 88 51 15 43 64 88 90 22 38 2 46 85 57 98 29 47 40 90 83 11 60 63 51 2 10 38 58 22 63 87 20 7 62 9 48 85 48 
36 65 32 70 62 7 57 48 25 51 62 36 30 51 87 12 22 22 30 52 12 76 11 81 50 92 1 15 14 53 79 42 29 10 98 46 30 84 16 12 89 80 36 21 65 4 96 23 4 94 
100 2 77 75 44 32 2 21 51 16 28 90 49 41 11 88 13 93 26 64 63 31 97 52 84 11 95 66 15 61 7 45 7 31 57 10 42 5 21 99 61 94 14 29 12 11 91 55 51 90 
62 90 19 18 29 1 71 51 24 24 35 24 52 2 22 17 41 54 74 86 84 32 46 7 25 70 45 64 67 83 88 0 58 13 55 31 31 90 25 99 92 61 37 34 56 91 46 58 29 69 
43 57 0 87 85 41 24 13 66 3 85 25 96 44 39 21 85 14 35 57 13 28 33 55 81 30 89 25 84 100 21 68 75 12 38 9 77 83 63 34 8 94 81 85 37 38 87 51 64 66 
3 63 94 61 56 85 39 63 28 24 41 86 1 69 50 97 84 52 1 5 49 77 74 95 53 83 52 9 80 13 54 98 84 64 7 50 3 68 95 78 32 68 93 95 51 29 97 35 85 65 
93 58 48 51 49 32 88 90 85 23 21 87 83 88 62 83 60 12 87 52 47 22 68 9 20 92 63 33 66 60 89 1 58 19 93 25 4 77 10 44 59 25 34 65 67 46 22 28 67 54 
16 38 99 30 90 26 97 60 86 92 88 7 72 45 81 5 4 61 1 3 18 4 67 82 46 78 69 30 90 41 91 51 51 56 55 20 71 72 16 51 47 79 40 5 88 63 73 47 81 87 
45 9 81 31 71 49 67 12 2 26 78 16 74 47 77 1 93 5 48 69 35 11 36 5 48 76 39 11 54 71 44 47 16 35 85 86 0 11 86 13 68 2 19 82 49 54 33 88 94 85 
97 82 80 55 36 73 75 41 12 100 70 36 5 97 96 51 22 79 55 51 85 7 96 2 77 72 5 39 24 22 13 36 20 62 93 74 60 80 40 38 63 26 90 26 49 73 100 0 41 32 
16 52 88 45 51 13 31 70 24 21 34 30 27 50 2 28 84 69 53 2 87 100 85 45 22 83 74 8 99 31 68 38 79 65 46 17 36 26 92 94 71 17 31 0 64 19 47 54 3 51 
