142672 131437 121393 123520 151570 138241 122961 122826 117825 158025 123223 124751 117853 138774 163930 137616 129867 143231 139185 129379 132666 130291 113285 155834 146736 126218 121869 132186 141007 126286 139786 134540 139435 124962 135738 119174 117878 112008 147326 121759 116559 126105 117298 139632 155078 135895 138622 124643 137039 112338
135089 130265 114394 121558 143284 117288 106912 114582 113782 140331 115586 125841 102198 133977 145785 130992 124433 127298 118009 126859 126683 123845 118345 151281 131473 117719 114085 128711 119132 120072 110497 111273 129864 125449 139325 114772 111683 108948 128967 113305 110581 109536 120373 110396 142201 126146 133891 105621 134394 110954 
163590 143326 144314 141027 176272 151977 137445 140889 136205 158628 133084 136779 129925 162696 188314 148645 146970 148401 149313 152618 155139 138393 120517 165552 159029 129933 131578 136118 147269 132837 141860 147599 156771 142792 147452 131574 125335 127830 159871 132947 135559 146068 138085 147109 165273 151124 159278 126276 167852 133283 
129595 136567 126372 109431 162969 127629 122098 118433 120390 125875 123544 127738 121624 136211 152994 121538 122310 133459 126915 139903 142168 117817 117750 149063 146577 106375 118001 123824 127740 122201 127429 123431 132880 132684 133636 114686 128152 106292 130803 122078 113988 114075 119428 138160 145634 134251 133514 116044 132866 113830 
155096 131049 131666 134602 157968 150631 121071 125226 119321 149798 122868 122000 129467 133798 164963 138523 125631 144828 141007 136294 137747 118947 125483 164269 150970 113670 112059 125783 133434 126058 131815 137921 144591 142747 150064 127702 128351 131590 152359 129618 124406 129864 130067 138726 152102 143612 139188 127245 137411 127459 
134075 138684 116736 117050 162356 127150 115770 110414 120118 144578 123108 138387 121140 145563 147921 136029 129061 129960 124640 132732 148663 119052 115133 156183 148193 109879 116127 127375 134842 127450 116636 135049 137952 138587 142156 110969 109199 116743 131737 120084 112794 120526 130285 122963 148514 138920 132895 123074 143696 134168 
121699 128307 105021 107170 146399 122534 109563 109944 114941 130057 111981 125599 102825 126163 152215 128062 119451 118928 112469 132039 115950 111650 104240 145442 121261 113651 114098 119643 125611 114001 107966 122083 130223 119739 130350 108763 104411 97012 127140 102413 120015 109763 115851 116502 132688 117787 134209 108375 130669 113007 
119122 108048 99295 105642 124920 117153 102674 103613 101285 125585 99363 117405 96965 110891 133325 104069 107773 105868 101555 111034 116770 103813 96189 141764 109973 100423 97406 113972 102259 109458 104144 111997 113953 120681 115716 97028 95964 84268 116406 86871 107189 98654 99265 105872 119846 108520 113351 101641 116959 95817 
137802 137242 118804 111366 149728 136793 117245 123008 119534 132898 120316 134156 110151 144310 166937 131605 137174 128274 130671 126448 131790 121427 119193 145510 126890 113120 110924 129610 138735 115429 124767 133785 143015 123974 134625 113759 117499 115367 128697 117126 108219 119682 117409 121834 151837 128401 128056 118613 142692 125493 
133022 115926 110384 107955 133995 129379 106311 113329 110346 130096 122149 129360 109888 122299 150794 115136 117622 124158 116083 120647 123343 119923 109624 155215 124994 103442 106005 118370 121611 110885 120139 121594 128566 130970 140785 103220 111262 110431 130124 109900 99525 114968 109992 127615 149735 124201 128070 125577 121990 119389 
133797 121836 109134 108383 154768 116422 110853 112294 117502 129928 106002 126260 98573 125097 144967 112566 122257 127591 119003 116684 128924 119925 114842 141128 122492 117820 114916 126945 113722 124641 116380 117417 124318 132150 124280 117911 108707 104760 123026 108544 104001 103208 115926 113047 140309 126203 126215 102988 130379 108991 
130292 138290 114651 108716 153845 137233 110024 116176 118012 139836 112910 118333 107496 137715 153308 131729 110572 138981 115366 129323 130969 116467 112175 130257 140838 108536 111459 125814 132151 107938 112538 114721 125678 111291 126776 112492 113887 107349 127826 114321 99750 120019 123336 123251 116331 129059 118070 113783 130087 108151 
148793 150421 128754 126863 176173 142556 128380 127482 137250 144953 125096 142819 124509 144008 174814 146826 140726 142071 146179 135310 143753 138967 128838 162740 149006 127945 140983 144695 145971 127307 142531 127128 141377 141381 147707 130319 128090 125700 143490 132103 125594 127618 131998 135697 161212 142437 155199 120991 151855 132553 
162584 159880 142131 124435 175855 158413 121920 144469 137086 153406 146318 145504 125754 151710 179415 149163 133201 144700 164583 151848 146597 143714 133885 167601 157396 129016 134574 143224 158988 139499 144607 138959 162142 149361 158187 135547 125317 130249 152811 134694 126213 151580 140084 148839 155065 150947 158557 123251 166083 132093 
119356 121337 118483 99507 155153 115116 99248 112341 108645 130576 110018 123226 109312 117116 138659 118459 115283 124156 110215 114190 115787 114424 101883 131902 125216 109464 107645 113706 125498 116056 112899 106356 116132 115852 121957 119507 109538 102447 135687 102842 111534 103830 106289 112847 125014 120150 120843 105681 122270 102828 
134430 139663 124045 118188 150797 119454 111597 116010 113852 137494 122177 130276 107855 138456 152559 125745 126565 131511 117730 123932 134476 111143 115836 132059 131799 117465 112183 135493 131520 123630 119117 113477 121640 126045 131315 119379 122732 117070 139021 113989 103796 117175 113086 125438 129887 130891 119164 109942 125772 117473 
124389 130553 118436 107446 154247 123804 114366 108309 117357 133166 118735 119661 107023 137438 156173 129262 133779 136340 115818 127644 135088 112383 101574 136943 134510 115147 109555 126914 138023 123614 124124 117840 126355 116898 125319 115670 109071 112112 131278 108104 110516 108066 114503 121681 141688 128504 118871 100408 126022 115006 
141445 124218 122410 111763 152688 132771 110667 113150 128789 145513 124666 134712 110920 139309 165638 122016 123079 135285 129968 123383 145258 128569 117706 157562 139003 123745 120825 131521 147346 129704 121437 129863 132494 136303 141448 127666 116586 124093 140076 121644 111380 114373 118011 132939 152333 137563 144292 119806 133614 124742 
149156 143385 135842 135649 157134 134293 126273 120516 126949 148553 126627 127862 140022 148716 183350 134678 144059 128761 137753 137664 141871 129547 134129 156964 151212 127572 133377 126330 143258 132612 136955 138762 155939 133424 144098 126213 121991 120471 144763 124886 122368 132243 123978 146229 165997 133860 151912 125425 150917 126320 
93246 105528 102340 91162 124964 108375 90844 93180 87569 116471 94490 102191 92387 110461 116888 104546 94886 107474 104154 101386 114805 93540 100729 128436 130902 102689 100786 101102 105907 91131 97406 108194 106470 97061 110618 98877 85737 90282 112079 93382 101513 84694 104531 110245 109020 116732 114450 93724 96269 91654 
108968 117763 102608 93760 123553 107694 105536 98942 90392 124819 103087 101867 99832 110367 129066 105623 119732 111899 102613 114382 115539 95584 91795 140918 114355 110367 94833 112912 101331 108717 103382 98743 119785 105312 113680 100611 97505 91710 115274 88188 90460 86759 110586 112486 113697 111122 99631 99291 107951 95945 
149238 132341 116961 115680 163202 127420 124720 124426 125230 141424 118987 129897 102116 149458 170585 125080 127392 142480 131614 133097 130750 136586 103242 148186 133878 126754 116251 147815 130655 121461 117586 114367 143918 146457 151205 118502 122509 118156 135051 117200 121055 117429 126017 134774 140049 135043 146107 110054 129200 124679 
142574 126157 110999 116463 159757 128189 109568 112846 122974 136533 116366 122783 107150 135798 161337 125707 120369 125477 130353 128952 137096 129022 103730 137235 135966 115211 119781 134905 136881 113930 127527 121472 124124 130397 132275 105028 115247 109571 130915 106056 111487 128777 120341 126080 141833 129429 131397 105748 136111 116747 
133779 117786 120392 100467 144098 122507 107922 108449 106416 127025 107868 120982 102217 124740 146331 111651 113111 122845 119386 122315 122394 104745 114818 137484 127225 116277 110270 116482 117775 117304 116121 115190 127856 124806 110980 118456 97912 97567 128969 113773 111908 108781 113400 123633 126946 128696 122633 108633 123134 103126 
155484 142612 128885 145076 164694 138236 127661 130797 135388 145537 134154 133449 127630 152128 169336 135053 144362 148571 144186 143210 137918 134076 129231 155337 143159 118522 113335 140779 138300 134431 142056 141725 139739 144576 151615 125827 127584 120106 150646 137745 120840 141116 119760 140151 174551 138920 141486 124155 145323 130996 
159114 139350 134488 136639 164259 149045 131378 132795 134093 151623 114434 133872 136884 130357 178455 134660 141656 147205 142517 132975 147590 132201 125899 162614 143140 118581 116267 141243 129388 127466 128104 138003 144232 143371 137038 133760 137871 113888 154931 126332 114758 127463 116958 140384 158548 137218 138310 132368 150352 125837 
136874 145145 124536 116815 174367 140477 115585 121428 122022 132218 120443 142739 122007 140667 156595 130973 133817 144226 131160 124528 142891 127964 132124 152792 144139 123032 124419 135452 129816 135691 125905 132482 150620 132026 136022 132450 121868 121483 129893 137372 116359 119109 127087 132000 144950 140079 139725 126687 146430 126823 
147220 140400 131140 129822 173567 139834 125105 119275 127145 160191 126552 138154 116025 148037 161903 127381 147142 152820 139316 140661 144794 127923 125748 162650 151338 132219 123305 159204 147525 138170 133112 147229 148499 145051 140079 133073 124018 116684 151096 121058 119665 118400 127461 138748 159007 147970 137166 126892 139075 131301 
135877 142637 126928 129922 161570 140075 129480 131356 115848 140621 111651 132665 125519 130183 163362 132484 138010 139785 118969 135896 134617 115552 116633 153242 149849 118404 110552 137282 120710 126788 133988 127658 141559 136534 133348 126236 128912 100305 145478 120826 129443 121813 122955 135819 149828 141460 133010 121216 145917 120883 
145066 125231 128889 127974 176860 131062 124327 119826 125828 157267 127064 141762 120939 138654 168060 134387 139227 146143 131981 134711 144288 142262 116507 166412 139236 127793 127416 146551 140929 129685 129095 136789 134278 142641 138924 124309 122679 115772 148152 121034 115621 117081 123895 142896 164938 143662 153250 123583 132561 129987 
126996 136994 123134 95650 157401 131830 104875 117375 114006 128979 127104 123881 117024 132041 148389 129222 122953 134185 140576 132860 136273 118598 109543 140395 144488 113739 113153 123213 138317 114410 129093 126127 126989 120997 126719 116219 117882 110293 130141 117216 97484 117920 119470 132620 139490 144137 130269 110371 129294 118265 
134448 127518 110359 110548 135296 117317 113576 113385 115739 129723 116805 116013 109238 123921 152699 115258 115793 113869 126828 122271 125258 117209 109882 144080 125871 102846 104165 118226 117611 123266 113804 112436 128270 127063 132145 103017 109459 95958 123998 102530 104451 113515 103934 128543 135816 109718 125187 110136 125458 102329 
143792 140832 123362 122540 175173 131870 120759 123170 134016 146302 123053 130258 123244 143085 173981 138756 130156 138656 138909 134986 137973 133935 116629 155782 144010 111210 127679 132804 142723 121952 127319 134955 147806 133077 131298 124135 121129 117416 140956 127184 119247 125850 132201 134595 153275 129346 154930 116602 143821 126191 
132708 137411 105089 114180 147085 130270 131822 116693 128846 132326 107665 121168 106603 132806 164615 123706 128196 129015 118986 129057 136316 114768 112829 142589 126520 104851 111094 129950 117775 120863 124474 126820 133401 120282 117530 105824 110546 93481 126949 113195 107592 115937 110999 127263 151701 120976 125770 106191 140862 107391 
136777 136776 113202 121453 149973 128514 124195 116291 115843 138449 110227 116056 114325 128427 148436 122776 127661 131568 124990 127552 125561 113324 116735 137377 128847 106839 101839 125112 122560 122980 118111 111588 122298 122630 142206 113804 123198 109839 120964 112491 101219 112302 115504 121805 145080 123351 118254 110428 138827 120156 
145798 131401 125868 109450 154022 139734 121684 127227 124010 132921 133780 130299 110487 140564 168501 119648 126465 134671 133101 128612 132101 123280 112599 160995 149013 114308 116604 130733 121671 127329 130398 123225 145767 139796 139623 118004 115706 112815 134837 116323 126709 113242 117661 140317 151807 134036 140658 119379 135584 112478 
150255 133113 133155 129347 169788 143422 124685 119345 136128 163952 127837 127104 130320 150653 171738 141167 128294 147729 142190 141862 138390 132278 118432 162259 148426 126654 134988 134749 142271 134547 140367 140090 148295 138536 148526 126067 125401 125662 156372 125801 119443 134570 133933 142036 159181 140012 154309 124269 143578 128709 
140683 121598 120627 120400 153719 123227 112811 113323 110800 137422 104965 118487 109229 130817 149907 116770 114150 127652 122024 126494 121325 115054 109171 128664 128494 114242 101419 128062 113694 114099 114124 107756 115021 128638 134717 113834 114723 109248 125530 118228 112323 109209 115087 114525 134867 131182 130464 101539 118222 117753 
146619 143025 122704 132560 165732 137218 131822 132548 128035 144917 129587 142485 116871 151097 168959 139802 138258 137849 129113 139141 144043 127013 124213 162503 145625 114705 114126 137804 133929 138428 128355 141694 143947 138320 135550 117075 123608 111555 142119 130209 126801 125467 119563 135945 161210 132007 138254 126854 149991 123253 
146257 136594 130686 122544 169559 126339 124301 108614 124102 147973 137349 114740 128671 144771 166075 115518 135957 135469 143843 135031 138819 119130 114452 156043 147817 122265 117079 131111 138851 136074 128667 126114 137171 138569 132988 120060 118487 125566 135697 118640 114104 117540 125639 147912 152002 141883 146615 117066 138514 123538 
136701 126911 130042 115535 159666 121024 123573 122542 111859 137594 124201 128588 122898 133813 161895 122245 130239 129547 129379 126291 130923 121550 108175 150512 144856 121934 109971 123555 128742 132137 131687 128467 132557 137401 126306 112386 118049 116916 139446 112953 123333 109278 120216 139077 147286 134231 141219 115619 131888 117080 
114518 120808 110542 85484 133160 112147 90557 97540 109028 122684 99714 108096 104953 115412 145502 113462 104814 118334 110996 102084 111689 107668 89367 119574 121572 105723 102299 105342 113568 101174 107370 103992 113174 106036 114994 101345 90765 101553 123030 90325 91046 106853 109958 107775 118037 119764 117819 104745 106329 102903 
140562 149403 148062 131313 173400 145900 123123 136615 129507 162209 139271 136139 136879 163638 166960 143221 136417 145419 148304 144349 150190 132330 128491 167983 169463 124864 125198 145304 144056 135966 138702 142603 153964 140932 150380 134798 129939 125244 151539 128912 118972 130449 147284 148183 148681 155110 148103 130021 143467 130433 
125495 137710 124632 116212 144007 135675 105149 106592 126626 131693 121362 119955 127382 132772 163273 125377 127731 130416 128322 123605 126419 109375 111800 142159 136431 109825 107563 130482 128976 109214 126915 121211 125135 123743 135358 115218 110580 112273 130129 106001 103711 123750 119554 124208 142567 137839 123916 111918 123418 123816 
143448 136208 119988 118658 149393 130295 116015 119480 114714 134739 118236 118384 111167 143309 161552 131093 118257 129600 127518 127192 136066 127476 109753 149645 139284 108292 107523 119860 119003 120314 122858 122488 129749 128024 135024 104818 116763 109412 131693 118676 108566 127639 123723 126912 133817 134767 141102 128060 138087 111224 
128479 137469 123649 100045 145748 122465 108081 110104 111455 130724 121818 128444 114978 138674 143584 117513 120658 118339 123419 123063 137296 109431 122891 146393 125158 111402 110612 120958 118403 125095 113179 117935 122445 120935 115895 114385 116422 98301 122555 115586 99076 103830 111076 125751 126005 128609 123465 124186 130938 107076 
139369 121746 108105 115661 142301 116272 99423 98353 108361 128023 104422 108592 99779 119500 142880 119955 119433 115750 120333 123111 129811 109982 119044 134658 125010 107176 110597 117605 119292 112371 107593 116092 125779 129779 132821 104434 105339 113928 119733 104624 101805 106650 118275 110217 144235 126650 129221 97226 131276 119151 
134012 132965 112993 117242 150466 135570 115832 122055 125352 138822 119007 113954 111015 132387 150439 125830 111257 136633 139169 134230 139587 131303 106534 155431 140545 113705 108700 132891 126027 124074 131565 130453 129264 134836 140265 108134 121032 104907 132855 115180 99167 121897 121413 129210 133482 126096 137212 107344 122236 109502 
129346 135008 114075 119576 148380 130510 117659 114945 118756 138976 107575 125604 107304 146898 156681 127870 122113 138495 116635 116092 131311 112047 110124 127970 138738 112688 112062 136108 126456 108753 120716 129716 130749 122190 122154 117365 110779 113599 142487 123986 113109 118747 112879 120375 137263 134984 126942 108411 124765 116733 
126831 114638 109848 111798 157671 133384 105693 115696 110382 125404 104270 123927 112304 117911 152390 113192 112357 124888 123480 119005 121948 114250 103304 142230 129997 116660 112947 114883 114584 112012 114683 126393 132638 124341 128264 114250 108915 107414 128211 110698 113502 113332 111151 118191 138927 127644 135912 108778 131768 114509 
