50 50
13.3703 12.7512 10.7064 12.6299 14.1291 11.5937 12.4984 12.2195 13.4148 14.5585 13.1281 13.3882 11.1159 10.6116 13.9272 14.0266 15.0529 13.2659 12.0056 15.0996 12.141 12.5361 12.5519 14.2179 12.2261 13.081 11.2123 12.4229 13.714 13.1959 13.6474 15.2437 13.4579 14.4623 13.5346 13.3643 14.5002 12.7646 14.6359 13.9985 13.2383 13.2721 12.465 12.1788 13.7044 12.5987 13.0084 11.3212 12.405 11.9909 
13.4116 13.4097 11.6382 10.1907 12.7151 10.3931 10.6387 11.0167 13.731 13.9739 11.095 13.6464 10.9258 9.45073 11.9997 14.8767 14.3517 13.4112 10.9694 12.8762 12.9132 12.2528 12.8367 12.8572 10.4229 13.3676 11.7467 12.9652 12.028 12.7266 12.8414 14.7587 13.7772 14.1328 12.5941 13.3635 14.0364 12.5451 15.0465 12.1304 12.6939 12.3763 13.29 10.6239 12.9036 12.0384 12.115 12.0659 12.1468 12.6817 
13.7635 13.5463 11.5562 11.907 13.6129 13.5293 11.9802 11.9491 14.3145 15.199 14.3234 13.5334 12.1249 10.2611 13.2545 14.651 15.4428 14.0957 12.5932 13.5638 14.2335 12.7894 13.9774 14.7585 12.5375 13.9995 12.5745 13.0971 14.5418 14.0474 14.0404 15.2002 15.1978 15.0285 13.6026 14.2365 14.4518 13.6598 16.3709 13.4004 13.2448 12.6618 13.345 13.4141 14.2104 12.8416 13.9319 11.8936 12.5972 14.5451 
13.2641 14.8405 11.5129 11.4482 12.3778 13.4017 10.8542 12.796 15.1798 16.5409 13.014 14.7123 11.6212 10.6858 12.5899 14.8715 13.8089 14.3608 12.0133 13.4744 13.0565 13.7671 13.7715 14.5324 10.9853 12.8052 12.4591 12.8691 13.4158 15.0016 14.3406 14.7516 12.8751 15.1081 13.6954 13.3789 14.8724 13.5363 16.3183 14.0138 14.6757 11.8426 13.1151 13.4128 13.7205 13.6511 12.918 11.7332 12.6803 13.933 
11.7119 11.649 8.89026 9.53428 11.6911 10.0511 9.99913 9.42633 12.654 12.9493 10.8586 12.3101 10.1422 8.63399 10.5033 13.1243 11.926 11.2039 10.5433 11.2551 9.95564 11.962 11.3405 11.4115 9.71446 11.4762 9.96466 10.9083 10.8352 11.6365 12.2401 12.1833 11.7042 11.9188 11.0287 11.3855 12.6625 10.5559 13.2549 10.715 11.4442 10.6456 12.5496 10.4304 11.6939 10.9655 11.4046 9.82439 9.36012 11.9751 
11.446 12.5462 10.5001 10.0102 12.7886 11.2955 11.0437 10.2969 14.4728 12.8702 11.2703 12.2247 9.63247 9.06066 11.2417 13.3927 12.5431 13.5713 10.8402 11.9369 11.5673 11.0741 11.8579 12.4817 8.44717 11.8086 10.4167 11.8589 11.5624 13.0499 12.2092 14.506 10.9619 13.041 12.2563 11.064 11.703 11.9414 14.1849 12.7484 11.8751 10.8878 12.0694 12.1992 12.1087 11.5434 11.2493 10.7028 11.5333 12.0829 
11.9676 12.4049 10.2949 10.1453 11.4438 11.523 11.7307 9.95019 12.7521 13.1365 11.1855 11.088 11.9176 8.52482 11.9454 12.7642 11.7494 13.1805 10.0757 12.4272 11.7518 12.0449 11.8789 12.2517 9.06474 12.0268 10.7885 11.3321 11.4354 13.3286 12.6406 13.3846 12.1804 12.9588 12.1674 12.5511 12.4156 12.0912 14.9795 12.1402 12.1272 11.6221 11.4681 11.0803 12.6388 10.9607 11.8843 11.338 12.1947 10.5218 
14.2698 15.0833 12.0828 12.2255 13.322 13.78 12.9236 12.6454 15.2972 16.6476 15.2976 14.9801 14.0405 11.3639 13.2802 15.1426 14.2746 14.199 12.9629 14.7569 15.1871 14.9524 14.7724 15.4525 10.2514 15.3962 13.2541 14.546 14.2017 16.049 14.5169 14.8786 14.4187 17.0243 14.098 14.3433 15.8603 14.8241 17.0219 15.5156 15.1499 14.3741 13.7589 14.5475 15.3862 14.7098 13.5215 13.1015 13.2933 13.9687 
13.5776 13.1871 11.466 10.907 13.9289 11.5953 11.2779 11.39 13.9678 13.6174 12.8974 12.8739 10.8996 9.9949 10.9232 14.3606 13.7383 12.8605 11.7212 13.2203 11.7602 13.1395 13.043 12.1746 11.3072 13.0643 11.7355 12.2566 11.225 14.2253 13.1325 15.2233 13.4805 12.8568 13.0203 13.2978 13.7308 12.4009 15.1635 11.7101 13.3126 12.8766 13.8865 12.4057 13.3145 13.0915 12.3451 10.9298 11.4013 12.4251 
12.5874 13.5128 9.75115 11.6335 12.4333 11.809 11.5869 11.5365 13.554 14.1232 12.5996 12.0676 10.3181 8.89646 11.6725 13.8605 12.2763 13.2502 10.867 12.0549 11.2714 11.7556 12.301 12.4887 11.4601 11.4272 11.7372 11.9934 12.3342 13.7854 12.9377 13.5658 13.3249 15.5214 13.5862 11.306 13.7771 13.4559 12.4575 13.4415 13.603 12.4501 11.2508 11.9863 12.6967 13.0717 12.3776 11.5501 12.1177 12.1729 
13.7056 14.5237 11.0194 11.242 12.9725 12.2352 12.388 11.2314 13.7407 16.3952 12.7813 14.5274 12.0315 11.4703 13.5217 15.161 14.8101 13.3661 11.7838 13.8907 12.3977 12.5371 13.4717 14.7335 11.9822 12.984 12.6774 12.9885 13.1655 13.8244 13.9094 14.5187 13.9238 14.7558 13.819 13.4748 14.0963 14.0716 16.0306 13.2338 13.7176 12.4067 12.7855 12.9249 14.2909 13.2874 13.7236 11.9045 12.641 13.1043 
13.3965 14.9452 12.3945 11.6264 13.6282 12.3404 10.9638 12.1827 14.1552 15.2412 14.1236 14.5753 12.3322 10.1205 11.3956 15.2344 15.6987 14.0363 11.3375 12.5377 12.9305 12.8302 13.7816 15.1056 11.3131 14.1446 11.9799 13.8299 13.6841 14.9398 13.7777 15.7269 13.8654 15.0894 13.1995 11.7263 15.2513 13.7883 15.1548 13.9239 13.9923 12.9736 12.7332 13.3419 14.0608 13.7476 12.3918 12.0962 12.6154 13.8124 
15.3033 14.5049 12.4596 12.2372 14.451 14.2696 12.6663 11.6872 15.0885 17.2737 14.1325 14.1892 13.6324 12.3946 14.3848 15.2375 16.3751 14.6305 13.4199 14.9363 14.6961 15.3763 14.9088 15.2018 13.0589 13.3778 13.3733 14.833 14.5312 13.8766 15.3325 15.4632 15.2572 16.4313 14.2715 14.8372 16.7564 14.4233 16.6757 14.871 14.3994 12.8493 14.3801 13.6266 16.0236 14.6174 13.876 13.5425 12.972 14.1258 
13.749 13.5625 11.3055 11.0521 12.4225 11.8452 11.5681 10.7471 14.452 15.3062 13.2127 13.9185 11.1107 9.90464 12.5825 14.7176 13.9169 13.0985 10.7318 13.5171 13.3026 12.2868 13.1907 12.8396 11.1304 12.3149 11.8157 13.5934 12.1615 13.5804 13.0571 14.1498 13.7483 15.0952 12.4436 13.3962 14.7846 13.617 14.5111 12.7152 13.9327 11.8356 12.6201 11.6609 13.1702 12.697 12.9857 12.4141 12.7654 13.7876 
13.0646 12.1196 10.5612 11.2724 12.0472 12.1859 11.0214 11.9966 13.33 13.6623 11.9122 13.74 12.212 9.15661 12.641 13.7717 13.8494 13.521 10.4817 12.4684 13.3795 12.8631 11.825 12.1537 11.4419 13.43 10.8618 13.0062 13.7449 12.8075 12.528 14.5219 13.93 14.0071 13.2113 12.5828 13.556 12.5685 15.1569 12.9724 12.7652 11.6354 12.608 11.1491 12.8985 11.9163 12.0659 11.829 11.3171 11.9831 
13.6596 14.191 11.985 12.1559 13.6957 13.0995 12.7326 11.9736 14.89 16.1098 13.268 14.1528 11.9257 11.1777 14.4502 15.5425 15.2338 14.8499 12.2851 14.441 14.7986 13.1645 13.8307 14.6581 12.4301 12.6226 12.9511 14.4386 14.8526 14.225 13.6501 14.6945 14.4139 16.9195 14.3185 14.1144 15.7297 14.4603 15.7359 14.5418 13.9015 12.8202 13.4994 13.1634 14.4732 14.2914 13.9697 12.8665 13.3213 14.0454 
15.4631 15.2219 12.129 12.9584 13.7652 13.4567 12.6613 12.0706 15.281 16.1573 13.9765 14.1481 12.5934 11.0366 13.01 16.2027 14.9405 15.4057 11.2141 13.8597 13.1447 13.3439 13.8235 14.0176 12.5983 14.144 13.2994 14.4617 12.9821 14.3651 14.1599 15.7292 14.6428 16.1851 14.309 13.5789 16.0166 14.8251 15.9032 15.0487 15.1459 13.4437 14.9047 13.6291 14.262 14.0073 12.9382 12.8513 13.3323 13.0319 
12.3176 12.1218 9.96391 10.5568 12.8806 11.4069 11.3322 10.7629 12.2331 13.1888 13.3833 12.4564 10.7458 8.69707 12.3706 14.278 13.4309 11.6855 11.3963 11.4104 11.735 11.9207 12.0945 11.889 10.883 12.1101 10.7119 11.5185 12.9071 11.9032 11.6897 13.3702 11.7631 13.7446 12.3045 11.3608 13.2483 12.5022 13.1905 12.5746 11.8029 10.9755 11.6413 11.2935 11.6231 12.1157 11.6745 11.0575 11.0006 12.0061 
11.2272 11.3207 9.63879 10.4805 10.7744 11.0718 9.17524 10.4759 10.9266 11.9883 10.8265 11.2833 9.78154 8.58677 10.3835 11.6544 11.6679 12.0121 9.62599 11.2992 11.561 12.2079 10.6595 10.6143 9.79497 11.2236 10.4945 10.9744 11.3079 11.9025 11.4453 11.8731 12.229 13.2488 11.1535 11.4624 12.9503 11.4107 13.0622 11.0988 11.1411 10.5948 11.018 9.82556 11.9283 11.0492 10.6965 9.9079 10.8855 10.1841 
14.0365 13.8046 12.3002 11.6618 12.8882 13.018 11.1891 11.7438 13.838 15.2265 13.548 13.816 13.4879 10.5249 12.9 14.5246 15.0153 13.5841 11.8181 13.2339 14.23 13.9034 13.5206 14.0985 11.8002 14.6037 12.5491 13.8898 13.9271 13.0988 14.2666 15.0508 13.516 14.9988 13.2492 14.0172 15.8648 12.2942 15.8687 14.1943 13.9877 12.804 13.5801 12.3157 14.0007 12.7903 12.34 12.3819 12.0674 13.5491 
13.2601 13.0991 10.2701 11.0125 13.6762 11.5728 10.9734 11.4827 13.6957 15.0383 12.4015 11.7695 11.8673 9.39148 12.7758 14.0902 14.2188 12.3581 11.1343 13.7823 12.3331 12.4724 13.1348 12.9263 11.0234 11.7651 12.3941 10.706 13.8291 13.6442 13.3821 13.6073 12.8235 14.3862 12.5719 13.4611 14.9457 11.4586 14.6869 12.9847 13.2261 11.3657 12.4284 12.7391 11.3302 12.0794 12.6609 11.1643 11.6761 12.481 
14.2814 14.3269 12.2752 12.6264 14.5824 12.9858 13.3523 12.6945 15.7313 15.5408 13.1789 14.1983 12.8032 10.0153 14.1607 16.0339 15.2747 15.8007 11.822 14.597 13.5282 13.2513 14.0385 15.2602 11.4502 14.4283 12.5819 14.542 14.5138 15.345 14.2714 16.4265 14.6091 15.3681 14.2142 14.4313 14.0415 14.6487 16.9354 15.2058 14.787 14.0236 14.291 13.1332 15.0044 13.4065 13.688 12.673 14.7351 13.8291 
12.2905 11.7987 9.93652 10.7192 10.8475 12.649 10.861 9.94432 12.212 13.3476 11.3552 12.6366 9.91357 9.61593 12.0471 13.0402 12.1293 12.9167 11.0992 12.2267 11.7341 10.9209 11.3246 12.2849 9.92454 11.9672 12.175 11.9736 11.3776 12.6215 12.311 13.1072 12.1806 12.7404 11.3351 12.3015 12.4303 12.9018 13.7883 12.8815 12.1828 11.5248 12.0876 10.6128 12.9564 11.5314 11.4293 9.8152 10.965 11.4161 
12.6711 12.1706 9.99535 10.6801 11.9552 12.0614 11.1962 11.2399 13.9787 14.5306 12.6026 12.2666 11.2228 9.07917 11.9711 13.8211 12.8731 13.5133 10.1475 13.3268 11.798 12.7627 11.7451 12.8571 9.81809 11.9501 11.3503 11.6978 12.4724 12.7351 12.1998 13.0338 11.4286 13.6723 12.6808 12.892 13.3866 11.5787 14.2222 12.8186 12.9741 10.4754 12.1313 11.8434 12.1265 12.2536 11.0529 10.886 11.9016 12.1906 
11.7941 12.4467 10.2383 10.5355 11.041 11.6668 10.5093 10.1192 13.3224 13.0839 11.5433 13.5179 10.7106 10.0394 11.35 13.6076 12.7265 12.8401 10.0344 13.0399 11.8839 12.5463 11.8446 12.2766 10.008 12.4016 11.2624 12.3292 11.939 12.6225 13.6197 13.8974 12.5322 12.7307 12.1725 12.2701 12.0585 11.9011 14.4062 12.8484 12.4795 10.3983 12.6682 11.3815 13.0136 11.0803 11.309 10.6821 11.486 12.7679 
12.1983 11.2402 9.79656 11.0553 12.1671 11.117 10.4608 10.7148 12.7409 15.197 12.252 13.4305 10.5046 9.66097 12.2588 13.1018 13.5883 12.4755 11.4595 13.8249 12.2425 12.3832 11.2012 12.8295 10.3078 11.4037 11.3018 12.3797 12.3187 12.1704 13.3328 13.2402 11.3859 14.4126 11.9145 12.0161 13.5747 12.6698 13.4385 13.7147 13.0089 11.4891 11.0621 10.7256 13.1022 12.6589 11.768 10.8643 12.0385 11.4619 
13.8345 13.5168 11.5617 11.9535 13.8648 12.4296 12.5232 11.2962 14.3353 14.4127 13.068 13.2026 12.4762 10.1209 13.4736 14.6167 15.0984 14.4688 11.0598 14.1507 13.9952 13.328 13.1171 14.6734 10.4545 14.1677 12.925 12.8204 13.6076 14.304 13.7886 15.9753 13.8783 15.8012 13.6047 13.5077 14.7294 13.5398 15.5816 14.8205 13.6431 13.2801 13.5679 13.0301 15.0483 12.8484 13.2518 12.2848 12.7339 12.5177 
12.7381 12.4825 10.1626 10.3112 13.1956 11.014 12.1439 10.6406 14.505 14.5995 12.0505 14.8126 12.0306 9.63776 12.3322 15.0848 13.5589 12.8909 10.6609 13.6751 11.9051 13.0755 12.5785 12.0149 11.0992 13.4392 10.8147 13.6239 12.9863 14.0943 12.6492 14.2964 13.3277 13.8145 13.2988 13.5107 14.4876 12.764 13.6934 12.4998 12.2196 12.4275 13.3301 11.9358 13.0423 11.1498 12.274 12.0057 12.232 12.748 
10.8321 10.7875 8.81304 9.94367 11.2029 10.2865 10.7577 9.19638 12.831 12.1944 11.2561 11.7112 8.97451 8.87907 11.1221 12.4866 10.7688 11.6985 9.99973 11.5044 10.9213 10.891 10.3824 11.2308 9.49291 10.2269 9.78207 11.5178 11.1482 11.6329 10.1592 11.8993 10.915 12.3051 11.5033 10.5408 12.1427 11.0267 11.9799 11.7628 10.6227 9.97213 10.7791 10.3097 10.924 11.0391 10.8038 9.41052 9.75677 10.6065 
11.4912 13.4764 9.92873 10.7431 12.5065 11.9289 10.4388 11.372 12.5021 12.4449 11.646 12.6012 10.0072 9.22263 10.5088 13.4719 12.9753 12.8319 10.3343 12.6778 11.7755 11.5859 12.1667 11.5922 10.2986 13.1511 11.7533 11.1842 11.8317 13.6352 12.4667 13.9244 12.5104 13.8591 11.9826 12.436 13.3215 12.1154 13.4257 11.4819 12.8923 11.0742 12.1161 11.7987 12.3992 11.8934 11.6313 10.797 10.952 12.4551 
13.1673 13.4494 10.5959 11.0087 12.951 12.7133 11.7903 11.1548 13.5554 15.0924 14.3306 13.1895 12.146 10.4424 12.0767 14.7471 14.4757 12.9992 12.2409 13.3852 12.2916 14.355 13.3651 13.1884 11.0603 13.1116 11.6833 12.8862 12.2849 13.1238 13.2712 12.8385 12.8907 14.7231 13.2656 13.6637 14.6549 12.9837 16.1168 12.5693 13.4935 11.2142 12.6026 12.4734 13.4331 13.5157 12.0781 12.2878 11.9706 13.2573 
14.1592 12.5349 10.5636 11.5707 13.012 11.6788 12.5057 12.1389 13.5823 15.3055 14.0251 13.7079 11.7157 10.4763 14.6704 14.9822 14.2266 12.4829 12.3085 14.2591 12.3433 11.9294 12.3736 13.4541 12.3063 12.3314 12.0353 11.9248 13.0983 13.2818 12.8297 14.8816 13.4626 14.1668 12.2789 13.7406 13.9522 12.9674 14.3592 13.5202 13.2836 12.4669 12.6242 12.381 13.4661 12.8711 12.9907 11.7937 12.9091 12.2829 
11.6268 13.1076 9.95788 10.5465 11.7769 10.5936 12.1505 10.9866 13.0393 13.6302 12.2785 12.4022 11.7288 9.28057 11.7453 13.3993 12.1344 12.9669 10.8918 11.9266 11.1342 11.8439 12.0987 12.8819 10.2384 13.137 11.1559 11.7308 12.0157 13.2444 12.8757 13.6454 11.5899 13.3766 11.6355 12.8041 13.0968 11.3318 14.2514 12.9254 12.4354 11.6402 11.663 12.7887 13.163 12.035 12.0516 10.599 11.7896 11.8159 
14.9433 14.6829 13.6532 11.614 13.3961 13.8083 12.907 12.9856 14.5323 16.1657 14.3105 15.1501 14.3137 11.1421 14.1402 15.5444 14.6281 14.7121 12.4565 16.426 15.3291 15.3985 14.5922 15.5206 12.0092 15.0457 13.6815 13.9229 15.0794 15.9996 14.4069 16.6792 14.9628 15.1612 13.58 15.8812 15.6904 13.9019 16.9231 14.4378 14.6864 14.4647 14.2613 12.6891 15.6062 14.8758 13.7933 12.5628 13.3787 13.7922 
12.6035 13.667 11.1353 10.8092 12.8365 11.2488 10.7883 10.8506 14.0379 15.2096 11.0415 13.5466 11.1554 10.5563 12.7207 13.2511 13.9537 13.9858 12.4552 13.0394 13.4482 12.4504 11.8926 13.5224 10.5328 11.8837 12.0383 12.4927 12.9923 13.9749 13.3176 13.8235 12.8723 15.8771 12.6202 12.9267 14.0364 13.0264 14.2646 12.8028 12.8148 12.626 12.7467 11.5348 13.9121 12.7468 13.0798 11.7847 11.9522 12.0925 
13.5634 13.6636 12.2298 11.364 13.437 12.2706 12.0862 10.9655 14.4294 14.7829 13.0399 14.4741 11.706 9.67648 12.3833 14.4126 14.9803 13.738 11.93 13.6033 12.3726 13.2271 13.3805 15.0885 11.2063 14.3746 12.0277 12.8071 13.4779 14.6015 13.4482 16.327 14.4076 15.2445 14.3557 12.6081 14.5944 13.7119 15.736 13.4338 12.8445 13.2181 14.0999 13.1424 14.3279 12.0659 12.9626 11.8056 11.8201 13.1814 
13.6063 13.4363 10.4707 12.1603 12.6293 11.1692 10.6204 11.86 13.6275 15.0353 12.469 12.7706 10.9259 9.8169 12.1431 12.7782 12.8944 12.5446 11.5243 13.147 12.383 12.4788 11.7355 12.7107 11.2897 12.1458 12.5759 11.9673 12.0956 13.1255 13.8674 15.2425 12.8203 13.6267 12.4669 12.3296 13.9881 12.1577 14.2297 13.683 13.7445 12.6268 12.4303 12.5146 13.2722 12.6286 12.6839 11.4602 11.4381 11.6251 
11.2513 11.3748 9.93259 11.0242 12.1336 10.8584 11.5865 10.8849 11.8104 13.7663 12.5491 12.6291 10.6543 9.63426 12.0054 13.8783 13.1738 11.8845 10.7942 12.5178 11.1318 11.6703 11.504 11.4321 10.8822 10.9561 10.5888 12.386 13.1051 12.0851 12.6476 12.9014 11.1382 12.4138 12.1298 11.7053 13.1265 11.1992 13.1534 12.3536 12.1834 10.8123 10.7247 11.0916 11.8747 12.274 11.5594 9.98721 11.8107 11.3224 
12.6611 13.3039 10.9001 11.9038 12.1776 12.754 11.8682 11.8258 12.8932 13.7645 11.674 13.2937 11.7483 10.13 13.3057 13.3548 12.6473 13.0034 11.2706 13.6624 12.7284 12.5382 12.1802 13.1121 11.3953 12.8409 12.535 11.8415 13.4611 14.7703 12.8438 14.1608 12.5884 14.2933 12.4363 13.7369 14.7173 12.637 14.4329 13.8939 12.3167 12.011 13.7792 12.4433 13.2556 12.6284 12.2247 11.1187 11.6246 11.6973 
11.1203 12.503 9.97494 9.81265 11.671 11.3981 11.6276 10.4906 12.6513 13.2925 10.9063 12.0024 11.0302 9.52106 11.9566 12.7234 12.5538 12.6149 10.6575 12.8562 12.3444 12.0396 11.6854 12.3935 9.38999 11.9794 10.2557 11.571 11.7352 12.2583 11.8987 12.5487 11.8455 14.3034 12.1871 12.4031 12.1203 11.4085 13.6533 11.4802 12.0916 10.6426 11.3028 11.6547 13.5286 12.2794 11.6867 11.52 10.8373 11.7393 
12.8554 11.8956 10.0519 11.4032 12.1642 12.2893 11.6631 10.8689 13.8577 14.028 11.7565 13.7439 10.1507 10.2219 12.1932 14.0636 12.5571 12.752 11.9621 13.8734 10.926 11.7311 11.8286 13.4384 10.1705 12.5092 11.7711 11.7637 12.3284 14.3662 12.4902 13.4543 13.2091 13.7332 13.7477 12.4572 13.4623 12.6315 13.5331 12.9386 11.3941 11.6496 13.2083 12.228 13.1278 11.5815 11.8261 10.1648 11.4341 11.9998 
13.8042 14.3012 11.4044 11.5912 12.093 11.7607 11.868 10.9806 15.284 14.7822 12.5273 14.5583 11.2346 10.1108 12.3701 13.7931 13.2197 13.3193 11.8242 13.005 13.015 12.6702 12.4036 13.4157 10.1742 13.5867 10.9587 13.1114 12.4473 14.2635 13.2398 15.4442 13.5614 14.6555 14.3313 12.2964 14.0328 13.5499 15.4631 12.792 12.3896 12.824 13.3174 11.9853 13.8742 11.8661 14.0364 12.1911 11.7104 11.9796 
11.5803 10.9764 9.11738 9.36693 10.1776 10.0867 9.83523 9.425 11.8471 12.7512 10.5277 11.1528 10.0833 8.26654 10.4753 12.4063 12.2812 12.0502 8.71703 10.9784 10.6999 10.4959 10.9184 11.3233 8.57255 11.1273 10.0697 11.6607 11.5121 11.7135 11.8292 12.2204 12.6175 11.61 11.5136 11.6277 12.41 11.9201 13.7799 10.8957 11.5327 11.636 10.9118 9.9353 11.4914 10.4091 10.4653 9.84286 11.2275 10.7475 
14.5633 14.5816 12.3303 11.6 13.0935 13.0172 11.6803 11.856 15.7599 16.3791 13.703 15.1338 12.9374 10.3857 12.8612 14.9668 14.6617 15.2705 12.4914 15.1224 14.0044 14.3492 13.8401 14.5572 11.8133 14.419 13.1832 13.407 14.2702 15.1827 13.3998 16.0105 13.956 15.5413 14.097 14.7738 16.0135 14.1608 15.9737 13.8076 13.9462 13.0678 14.3703 13.206 14.5017 13.3301 14.0991 13.1372 12.8036 14.1247 
12.4464 12.804 10.4601 10.5166 11.009 11.3484 10.3732 10.7641 12.2492 13.3161 12.2228 13.0734 11.3826 9.41445 11.4072 12.9541 11.9749 12.6071 10.8146 13.4441 13.1978 13.1058 12.0689 12.8145 10.2648 13.2612 12.1345 12.0296 12.9754 12.9495 11.606 13.9509 12.8874 14.1882 12.868 12.8839 13.4921 13.2395 14.9187 12.984 11.9783 11.7497 13.075 11.9729 13.1949 12.0779 11.4652 11.7363 11.1233 12.2822 
13.2057 12.7925 10.0318 10.8913 13.2171 11.4964 12.2423 11.5528 12.695 13.7562 12.443 12.3673 12.2405 9.5093 12.4589 14.3595 13.8222 12.8193 10.1443 14.1328 13.065 13.0101 12.7135 11.8563 10.754 13.9431 12.5441 11.6019 13.5897 13.895 13.8103 14.2894 13.8181 13.4901 13.3984 14.9494 13.7897 11.929 14.8982 12.3007 11.9168 12.4739 12.6338 12.911 13.1802 11.3335 12.6972 11.2071 11.7941 12.1544 
13.2581 13.2685 10.4274 11.7054 11.6414 11.1107 11.2574 10.7762 12.4107 14.742 12.558 12.6164 11.4806 8.77128 12.0104 13.8457 13.8339 12.5056 10.5488 12.4193 11.7797 12.2908 12.417 13.8565 10.9937 13.8825 12.9625 12.6352 12.2341 11.7695 12.213 13.8903 12.4198 14.1037 12.3379 12.367 14.1661 12.6693 14.1763 13.738 12.9408 12.3755 12.9746 12.3431 13.1328 11.8305 11.2674 11.6872 10.9623 12.5731 
12.8364 12.6625 11.418 10.5173 10.4382 12.602 10.8087 11.1561 13.3037 14.6254 12.5155 14.3042 11.9782 10.2758 12.5403 13.3956 13.7054 13.4091 11.6796 13.3734 13.463 13.5749 12.3253 14.1739 11.0283 13.1405 12.3548 12.8043 12.4698 13.0541 12.7901 14.1295 13.2291 13.0745 11.6261 14.0056 13.6849 12.29 15.2413 12.9147 12.7683 11.6967 11.6731 10.2405 14.3451 12.6789 12.057 11.1248 12.0841 12.1164 
11.0227 12.7442 10.1543 10.2246 11.8303 10.9028 10.7803 11.0446 13.5628 13.801 11.8846 13.0107 9.57379 9.43984 11.6213 13.4308 12.5247 12.9691 11.0385 12.47 12.0341 11.0067 12.1715 12.8644 10.5425 11.6938 11.5377 12.9206 12.535 13.1797 12.3297 13.4102 11.8694 13.3637 11.6379 12.4138 12.4055 13.2479 13.6223 12.9729 12.6594 11.3398 11.7775 11.5798 12.3057 12.4269 11.9423 9.95687 12.7177 12.3489 
12.915 12.1867 10.8595 11.8741 13.8007 12.5953 11.1596 12.173 13.296 14.867 12.3664 12.2076 11.7493 9.89271 12.4752 13.7322 14.4469 14.3511 10.3754 13.9282 13.4762 12.8583 12.1577 13.8746 12.3511 12.2654 12.4619 11.8068 14.1143 13.7724 12.5799 15.1486 13.8732 15.6015 14.7073 13.2288 14.282 12.7609 14.8355 13.1779 14.0618 12.4056 13.097 12.2675 13.4587 13.2855 12.2861 11.4097 11.737 12.477 
